iteration,max_fitness,test_accuracy,time
0.0,0.3855791,0.21939504,0.0
1,0.3855791,0.21939504,321.6841742992401
2,0.3855791,0.21939504,241.271546125412
3,0.3855791,0.21939504,170.20433974266052
4,0.3855791,0.21939504,323.3349165916443
5,0.3855791,0.21939504,104.16169357299805
6,0.3855791,0.21939504,257.88179779052734
7,0.3855791,0.21939504,325.1155889034271
8,0.3855791,0.21939504,360.02396631240845
9,0.3855791,0.21939504,323.4104583263397
10,0.3855791,0.21939504,366.8206396102905
11,0.3855791,0.21939504,219.51718163490295
12,0.3855791,0.21939504,340.4029541015625
13,0.3855791,0.21939504,158.3772428035736
14,0.3855791,0.21939504,144.7596561908722
15,0.3855791,0.21939504,180.8234555721283
16,0.3855791,0.21939504,150.18242812156677
17,0.3855791,0.21939504,324.5440526008606
18,0.3855791,0.21939504,266.60731387138367
19,0.39092505,0.16175139,134.08849334716797
20,0.3951366,0.17081976,198.61422181129456
21,0.3951527,0.17245352,166.60124802589417
22,0.42805767,0.21151501,198.53498888015747
23,0.48764694,0.21152002,163.43851733207703
24,0.50479764,0.26440805,366.8434064388275
25,0.5056393,0.2688319,134.40364837646484
26,0.5059552,0.2692092,190.69466757774353
27,0.506176,0.27242726,148.05020380020142
28,0.5161832,0.25256753,362.45514726638794
29,0.5178766,0.27662122,198.5645296573639
30,0.5179955,0.27949995,121.00372552871704
31,0.5180006,0.2798847,368.39637327194214
32,0.51800084,0.27988887,184.654935836792
33,0.51878774,0.27024084,364.42282938957214
34,0.52390134,0.27624643,188.20542979240417
35,0.523939,0.27725238,230.75593662261963
36,0.5252962,0.28227717,127.51648688316345
37,0.52750075,0.27287436,142.5087628364563
38,0.5297328,0.26909983,165.50770735740662
39,0.52975667,0.26982152,316.2120473384857
40,0.52976495,0.26971722,143.93737363815308
41,0.52978075,0.2704754,176.59055066108704
42,0.5297889,0.27053738,101.79702425003052
43,0.52979505,0.27058178,172.36251282691956
44,0.52979845,0.27098352,149.66745829582214
45,0.54245996,0.3092993,131.39522504806519
46,0.5429238,0.3141184,144.82591199874878
47,0.54311675,0.31318128,132.89792346954346
48,0.5434077,0.31832308,126.78990626335144
49,0.5435582,0.31649405,140.21779680252075
50,0.54361546,0.3187698,119.74283576011658
51,0.54370093,0.31776255,135.408842086792
52,0.5437802,0.32057297,146.9393811225891
53,0.5438398,0.31994402,318.812522649765
54,0.5438745,0.32186162,185.67147088050842
55,0.5438934,0.3214268,144.56779670715332
56,0.54390323,0.32243508,104.99970436096191
57,0.54390836,0.32224464,148.54690027236938
58,0.54391086,0.32275683,150.55062580108643
59,0.54391205,0.3227132,165.64681673049927
60,0.5439123,0.32282925,315.48850107192993
61,0.5439124,0.3227895,183.1734824180603
62,0.5439124,0.32283014,119.11428689956665
63,0.5439124,0.32280236,235.52879166603088
64,0.54391253,0.32287288,140.07675695419312
65,0.54405,0.3048746,323.0618722438812
66,0.5440804,0.30553675,160.5738546848297
67,0.54410565,0.3038653,113.65881037712097
68,0.54410714,0.3042614,115.7085337638855
69,0.5441079,0.30407184,263.7272524833679
70,0.5441084,0.30426866,291.8089461326599
71,0.5441085,0.3042702,320.3522319793701
72,0.54410857,0.30432463,201.480731010437
73,0.5441086,0.3043028,146.30070042610168
74,0.5441086,0.30431455,154.5703592300415
75,0.5441086,0.30431455,326.1305043697357
76,0.5441086,0.30431163,156.97160410881042
77,0.54410875,0.30433667,239.33918118476868
78,0.54410875,0.3043366,107.99968409538269
79,0.54410875,0.3043363,221.21364068984985
80,0.54410875,0.30435687,288.254337310791
81,0.54410875,0.30435514,195.4423704147339
82,0.54410875,0.30435663,304.3842942714691
83,0.54410875,0.3043564,138.61450147628784
84,0.54410875,0.30435765,117.47073006629944
85,0.54410875,0.3043573,187.3269817829132
86,0.54410875,0.30435973,106.74069952964783
87,0.5441088,0.3043598,181.01645135879517
88,0.5441088,0.3043598,131.00186419487
89,0.5441088,0.3043598,164.42680048942566
90,0.5441088,0.3043598,127.010901927948
91,0.5441088,0.3043598,164.14657378196716
92,0.5441088,0.3043598,315.98065996170044
93,0.5441088,0.3043598,214.0143918991089
94,0.5441088,0.3043598,184.77057433128357
95,0.5456326,0.2970854,115.86607336997986
96,0.5457647,0.2977609,116.01167368888855
97,0.54715896,0.31615025,163.38986015319824
98,0.5472763,0.31669265,131.55891394615173
99,0.5473077,0.3153143,138.99251627922058
100,0.54733133,0.31544572,321.0355546474457
101,0.5473571,0.31418252,123.7850284576416
102,0.5473697,0.3141604,265.2548146247864
103,0.54737496,0.3136149,310.5211374759674
104,0.54737663,0.31363404,184.5134892463684
105,0.54737693,0.313573,134.6700804233551
106,0.54737705,0.31359947,195.79329299926758
107,0.5473776,0.31345677,239.31308150291443
108,0.5473776,0.31347263,99.45449948310852
109,0.54737765,0.3134607,148.97843050956726
110,0.54737765,0.3134588,173.82182812690735
111,0.54737765,0.31345785,218.45638418197632
112,0.5473777,0.31344873,224.90115976333618
113,0.5473777,0.31344575,269.4605767726898
114,0.5473777,0.31344205,316.9868333339691
115,0.5473777,0.31344575,264.961927652359
116,0.5473777,0.31344205,131.9688630104065
117,0.5473777,0.31344575,96.25013971328735
118,0.5473777,0.31344205,218.57060599327087
119,0.5473777,0.31344575,117.86157751083374
120,0.5473777,0.31344205,119.83437514305115
121,0.5473777,0.31344575,181.58084225654602
122,0.5473777,0.31344205,100.43081903457642
123,0.5473777,0.31344575,133.30733609199524
124,0.5473777,0.31344205,168.12785029411316
125,0.5473777,0.31344575,115.32770872116089
126,0.5473777,0.31344205,200.451762676239
127,0.5473777,0.31344575,316.7367670536041
128,0.5473777,0.31344205,180.14580869674683
129,0.5473777,0.31344575,298.04405975341797
130,0.5473777,0.31344205,308.1189486980438
131,0.5473777,0.31344575,105.28519892692566
132,0.5473777,0.31344205,174.56084322929382
133,0.5473777,0.31344575,163.44287014007568
134,0.5473777,0.31344205,294.2834870815277
135,0.5473777,0.31344575,304.7586045265198
136,0.5473777,0.31344205,277.7427625656128
137,0.5473777,0.31344575,120.4823865890503
138,0.5473777,0.31344205,155.86250615119934
139,0.5473777,0.31344205,134.8567886352539
140,0.5473777,0.31344205,291.2180554866791
141,0.5473777,0.31344205,247.27153944969177
142,0.5473777,0.31344205,178.19353079795837
143,0.547378,0.31360817,139.688129901886
144,0.547378,0.31360388,159.4374222755432
145,0.547378,0.31360525,194.54032969474792
146,0.547378,0.31359464,137.85339617729187
147,0.547378,0.3135981,132.4270040988922
148,0.54737806,0.3135897,158.5823678970337
149,0.54737806,0.3135897,138.9454038143158
150,0.54737806,0.3135897,154.48017191886902
151,0.54737806,0.3135897,107.37549757957458
152,0.54737806,0.3135897,305.85210251808167
153,0.54737806,0.3135897,127.20473051071167
154,0.54737806,0.3135897,133.36173224449158
155,0.54737806,0.3135897,155.328204870224
156,0.54737806,0.3135897,205.27860951423645
157,0.54737806,0.3135897,160.2604455947876
158,0.54737806,0.3135897,259.8601014614105
159,0.54737806,0.3135897,242.4529755115509
160,0.54737806,0.3135897,247.33830571174622
161,0.54737806,0.3135897,156.7124662399292
162,0.54737806,0.3135897,149.02296137809753
163,0.54737806,0.3135897,259.6175489425659
164,0.54737806,0.3135897,261.50051760673523
165,0.54737806,0.3135897,137.77026438713074
166,0.54737806,0.3135897,222.06882977485657
167,0.54737806,0.3135897,275.46262550354004
168,0.54737806,0.3135897,239.08436751365662
169,0.54737806,0.3135897,183.24038124084473
170,0.54737806,0.3135897,266.42267990112305
171,0.54737806,0.3135897,164.59156584739685
172,0.54737806,0.3135897,266.59129214286804
173,0.54737806,0.3135897,266.90886878967285
174,0.54737806,0.3135897,203.12419295310974
175,0.54737806,0.3135897,107.87661409378052
176,0.54737806,0.3135897,262.1293091773987
177,0.54737806,0.3135897,126.84556293487549
178,0.54737806,0.3135897,225.61211252212524
179,0.54737806,0.3135897,195.66754031181335
180,0.54737806,0.3135897,165.3254063129425
181,0.54737806,0.3135897,199.627765417099
182,0.54737806,0.3135897,239.78303837776184
183,0.54737806,0.3135897,268.049973487854
184,0.54737806,0.3135897,273.73859190940857
185,0.54737806,0.3135897,110.88491439819336
186,0.54737806,0.3135897,231.06189393997192
187,0.54737806,0.3135897,172.25539588928223
188,0.54737806,0.3135897,102.19765639305115
189,0.54737806,0.3135897,223.51943707466125
190,0.54737806,0.3135897,152.44799542427063
191,0.54737806,0.3135897,126.4597647190094
192,0.54737806,0.3135897,178.4480664730072
193,0.54737806,0.3135897,179.44686484336853
194,0.54737806,0.3135897,97.38948011398315
195,0.54737806,0.3135897,151.89310097694397
196,0.54737806,0.3135897,230.35171389579773
197,0.54737806,0.3135897,128.11348605155945
198,0.54737806,0.3135897,236.96571230888367
199,0.54737806,0.3135897,73.88668060302734
200,0.54737806,0.3135897,158.95989537239075
201,0.54737806,0.3135897,138.11319136619568
202,0.54737806,0.3135897,109.23317694664001
203,0.54737806,0.3135897,264.6822783946991
204,0.54737806,0.3135897,107.25141024589539
205,0.54737806,0.3135897,147.4702079296112
206,0.54737806,0.3135897,163.02597737312317
207,0.54737806,0.3135897,126.35838055610657
208,0.54737806,0.3135897,265.4568178653717
209,0.54737806,0.3135897,174.93801951408386
210,0.54737806,0.3135897,235.41905999183655
211,0.54737806,0.3135897,116.21975493431091
212,0.54737806,0.3135897,264.79622650146484
213,0.54737806,0.3135897,260.2772080898285
214,0.54737806,0.3135897,165.43928861618042
215,0.54737806,0.3135897,175.92608833312988
216,0.54737806,0.3135897,161.59749960899353
217,0.54737806,0.3135897,130.19558238983154
218,0.54737806,0.3135897,213.25791335105896
219,0.54737806,0.3135897,186.95775938034058
220,0.54737806,0.3135897,236.99666833877563
221,0.54737806,0.3135897,138.76457715034485
222,0.54737806,0.3135897,271.304310798645
223,0.54737806,0.3135897,163.476065158844
224,0.54737806,0.3135897,121.71980166435242
225,0.54737806,0.3135897,169.15629982948303
226,0.54737806,0.3135897,256.0272617340088
227,0.54737806,0.3135897,95.74275541305542
228,0.54737806,0.3135897,209.9985601902008
229,0.54737806,0.3135897,110.81531810760498
230,0.54737806,0.3135897,197.72055888175964
231,0.54737806,0.3135897,118.28575873374939
232,0.54737806,0.3135897,179.03369426727295
233,0.54737806,0.3135897,133.35980701446533
234,0.54737806,0.3135897,130.35412693023682
235,0.54737806,0.3135897,267.33783411979675
236,0.54737806,0.3135897,160.465970993042
237,0.54737806,0.3135897,90.53809237480164
238,0.54737806,0.3135897,82.45754528045654
239,0.54737806,0.3135897,196.49087572097778
240,0.54737806,0.3135897,126.70672011375427
241,0.54737806,0.3135897,255.29486966133118
242,0.54737806,0.3135897,154.24687242507935
243,0.54737806,0.3135897,94.26568865776062
244,0.54737806,0.3135897,145.71368932724
245,0.54737806,0.3135897,252.45565581321716
246,0.54737806,0.3135897,191.21022248268127
247,0.54737806,0.3135897,187.5197238922119
248,0.54737806,0.3135897,245.67422556877136
249,0.54737806,0.3135897,247.55997800827026
250,0.54737806,0.3135897,127.75682306289673
251,0.54737806,0.3135897,119.43015456199646
252,0.54737806,0.3135897,99.22451162338257
253,0.54737806,0.3135897,246.66236019134521
254,0.54737806,0.3135897,242.7944939136505
255,0.54737806,0.3135897,252.1584324836731
256,0.54737806,0.3135897,154.5117266178131
257,0.54737806,0.3135897,219.0467884540558
258,0.54737806,0.3135897,82.86409664154053
259,0.54737806,0.3135897,242.24326300621033
260,0.54737806,0.3135897,253.90634846687317
261,0.54737806,0.3135897,127.92938256263733
262,0.54737806,0.3135897,90.57041335105896
263,0.54737806,0.3135897,244.55792450904846
264,0.54737806,0.3135897,252.10607028007507
265,0.54737806,0.3135897,102.51764678955078
266,0.54737806,0.3135897,241.08217477798462
267,0.54737806,0.3135897,173.4736065864563
268,0.54737806,0.3135897,236.9878544807434
269,0.54737806,0.3135897,243.92718839645386
270,0.54737806,0.3135897,105.00152230262756
271,0.54737806,0.3135897,164.45466923713684
272,0.54737806,0.3135897,116.44459581375122
273,0.54737806,0.3135897,142.26068711280823
274,0.54737806,0.3135897,227.82112574577332
275,0.54737806,0.3135897,96.76839399337769
276,0.54737806,0.3135897,102.10811853408813
277,0.54737806,0.3135897,98.35911297798157
278,0.54737806,0.3135897,247.49461221694946
279,0.54737806,0.3135897,252.19196939468384
280,0.54737806,0.3135897,95.98600935935974
281,0.54737806,0.3135897,237.04464673995972
282,0.54737806,0.3135897,141.06458568572998
283,0.54737806,0.3135897,106.64698553085327
284,0.54737806,0.3135897,92.02391791343689
285,0.54737806,0.3135897,214.02164006233215
286,0.54737806,0.3135897,223.0784397125244
287,0.54737806,0.3135897,229.87220168113708
288,0.54737806,0.3135897,239.37177300453186
289,0.54737806,0.3135897,240.22564101219177
290,0.54737806,0.3135897,127.49687314033508
291,0.54737806,0.3135897,234.97489714622498
292,0.54737806,0.3135897,155.0778136253357
293,0.54737806,0.3135897,210.5592803955078
294,0.54737806,0.3135897,240.0384166240692
295,0.54737806,0.3135897,129.4216012954712
296,0.54737806,0.3135897,119.57362341880798
297,0.54737806,0.3135897,239.45500707626343
298,0.54737806,0.3135897,186.58302927017212
299,0.54737806,0.3135897,171.65961337089539
300,0.54737806,0.3135897,174.98616981506348
301,0.54737806,0.3135897,232.44298601150513
302,0.54737806,0.3135897,97.54053854942322
303,0.54737806,0.3135897,119.4368965625763
304,0.54737806,0.3135897,194.91869115829468
305,0.54737806,0.3135897,80.36860370635986
306,0.54737806,0.3135897,209.22243738174438
307,0.54737806,0.3135897,156.10424089431763
308,0.54737806,0.3135897,96.16284775733948
309,0.54737806,0.3135897,216.90173363685608
310,0.54737806,0.3135897,139.4257116317749
311,0.54737806,0.3135897,119.05603098869324
312,0.54737806,0.3135897,117.70481157302856
313,0.54737806,0.3135897,84.86464881896973
314,0.54737806,0.3135897,135.30599904060364
315,0.54737806,0.3135897,239.8241012096405
316,0.54737806,0.3135897,123.51796770095825
317,0.54737806,0.3135897,188.77905583381653
318,0.54737806,0.3135897,130.81193828582764
319,0.54737806,0.3135897,99.17826986312866
320,0.54737806,0.3135897,131.4962351322174
321,0.54737806,0.3135897,195.14961338043213
322,0.54737806,0.3135897,236.64161896705627
323,0.54737806,0.3135897,229.6262013912201
324,0.54737806,0.3135897,184.39915323257446
325,0.54737806,0.3135897,171.35104179382324
326,0.54737806,0.3135897,222.3967423439026
327,0.54737806,0.3135897,137.1022481918335
328,0.54737806,0.3135897,219.60985207557678
329,0.54737806,0.3135897,104.5509762763977
330,0.54737806,0.3135897,172.02601718902588
331,0.54737806,0.3135897,89.12607169151306
332,0.54737806,0.3135897,211.42346954345703
333,0.54737806,0.3135897,119.18216371536255
334,0.54737806,0.3135897,129.8120732307434
335,0.54737806,0.3135897,118.16053938865662
336,0.54737806,0.3135897,128.9189145565033
337,0.54737806,0.3135897,81.27967572212219
338,0.54737806,0.3135897,248.83392691612244
339,0.54737806,0.3135897,235.91373491287231
340,0.54737806,0.3135897,180.82021856307983
341,0.54737806,0.3135897,134.42030215263367
342,0.54737806,0.3135897,233.68251395225525
343,0.54737806,0.3135897,117.5828959941864
344,0.54737806,0.3135897,209.71070003509521
345,0.54737806,0.3135897,208.1215980052948
346,0.54737806,0.3135897,182.96830201148987
347,0.54737806,0.3135897,231.4638636112213
348,0.54737806,0.3135897,85.9644501209259
349,0.54737806,0.3135897,227.76090741157532
350,0.54737806,0.3135897,91.51636934280396
351,0.54737806,0.3135897,158.4565987586975
352,0.54737806,0.3135897,110.91140937805176
353,0.54737806,0.3135897,84.85075306892395
354,0.54737806,0.3135897,172.565767288208
355,0.54737806,0.3135897,232.74036312103271
356,0.54737806,0.3135897,228.38260650634766
357,0.54737806,0.3135897,224.7877938747406
358,0.54737806,0.3135897,236.43465995788574
359,0.54737806,0.3135897,161.74937224388123
360,0.54737806,0.3135897,95.26565980911255
361,0.54737806,0.3135897,97.24199271202087
362,0.54737806,0.3135897,140.51372718811035
363,0.54737806,0.3135897,104.5304205417633
364,0.54737806,0.3135897,149.50736117362976
365,0.54737806,0.3135897,131.6449990272522
366,0.54737806,0.3135897,239.2648777961731
367,0.54737806,0.3135897,235.27595210075378
368,0.54737806,0.3135897,122.55628371238708
369,0.54737806,0.3135897,84.6833188533783
370,0.54737806,0.3135897,239.34677863121033
371,0.54737806,0.3135897,77.9696114063263
372,0.54737806,0.3135897,150.3908326625824
373,0.54737806,0.3135897,231.23925304412842
374,0.54737806,0.3135897,115.1454918384552
375,0.54737806,0.3135897,87.31954169273376
376,0.54737806,0.3135897,145.8205316066742
377,0.54737806,0.3135897,87.60241651535034
378,0.54737806,0.3135897,147.68160557746887
379,0.54737806,0.3135897,187.61305904388428
380,0.54737806,0.3135897,239.5925726890564
381,0.54737806,0.3135897,72.3043794631958
382,0.54737806,0.3135897,150.50758361816406
383,0.54737806,0.3135897,111.36776208877563
384,0.54737806,0.3135897,151.16332459449768
385,0.54737806,0.3135897,85.75770998001099
386,0.54737806,0.3135897,227.5962152481079
387,0.54737806,0.3135897,223.92528414726257
388,0.54737806,0.3135897,145.8318121433258
389,0.54737806,0.3135897,107.80479335784912
390,0.54737806,0.3135897,109.24700284004211
391,0.54737806,0.3135897,104.68998956680298
392,0.54737806,0.3135897,131.76981902122498
393,0.54737806,0.3135897,96.39027857780457
394,0.54737806,0.3135897,95.58022856712341
395,0.54737806,0.3135897,178.75886297225952
396,0.54737806,0.3135897,220.7293508052826
397,0.54737806,0.3135897,219.57196617126465
398,0.54737806,0.3135897,83.63196039199829
399,0.54737806,0.3135897,135.9992220401764
400,0.54737806,0.3135897,133.93131637573242
401,0.54737806,0.3135897,87.07616996765137
402,0.54737806,0.3135897,117.17596173286438
403,0.54737806,0.3135897,148.229638338089
404,0.54737806,0.3135897,76.53335690498352
405,0.54737806,0.3135897,140.80782270431519
406,0.54737806,0.3135897,127.7541618347168
407,0.54737806,0.3135897,185.66929864883423
408,0.54737806,0.3135897,214.00297093391418
409,0.54737806,0.3135897,163.6256468296051
410,0.54737806,0.3135897,188.90580797195435
411,0.54737806,0.3135897,224.53616571426392
412,0.54737806,0.3135897,98.7968442440033
413,0.54737806,0.3135897,94.46113085746765
414,0.54737806,0.3135897,115.47398567199707
415,0.548013,0.31251603,101.97824501991272
416,0.54801655,0.3121158,100.07053351402283
417,0.5480226,0.31210583,155.08613395690918
418,0.5480249,0.31176782,216.58253288269043
419,0.54802537,0.3118654,107.8616840839386
420,0.5480259,0.31172717,118.23813915252686
421,0.5480261,0.31174374,127.82211589813232
422,0.54802614,0.31169277,107.76316666603088
423,0.55266505,0.32674187,118.97342276573181
424,0.55296934,0.33079064,110.61140322685242
425,0.553092,0.3291769,99.62563705444336
426,0.55310845,0.32971323,230.79793691635132
427,0.55314565,0.32969302,84.67888760566711
428,0.5531769,0.3301425,177.910498380661
429,0.5531919,0.33022463,175.96861672401428
430,0.5532018,0.33057302,150.20108795166016
431,0.55321324,0.3304569,145.2026653289795
432,0.55321985,0.33066827,150.42401480674744
433,0.5532236,0.3306406,157.40089440345764
434,0.55322623,0.33076268,218.96631026268005
435,0.55322826,0.33081615,116.39819598197937
436,0.55322945,0.33080685,125.99516248703003
437,0.5532306,0.33076626,92.17012906074524
438,0.5532336,0.33084667,111.9683587551117
439,0.5532352,0.3308251,93.15449404716492
440,0.55323553,0.3308841,202.95740413665771
441,0.5532367,0.33084214,118.80673861503601
442,0.5532379,0.33094692,119.27316355705261
443,0.5532397,0.33085662,117.77570486068726
444,0.5532414,0.3309086,128.19539046287537
445,0.55324244,0.33088017,191.18730187416077
446,0.5532429,0.3309359,193.2020492553711
447,0.55324507,0.33092463,98.71010541915894
448,0.55324644,0.33087635,156.6132972240448
449,0.5532466,0.3309471,103.57299447059631
450,0.55324674,0.3309046,144.6629285812378
451,0.55324686,0.3309313,68.94738245010376
452,0.55324775,0.33104837,124.56499457359314
453,0.5532495,0.3308562,110.04356575012207
454,0.5594223,0.2978658,109.29719758033752
455,0.55982256,0.30069506,126.59755778312683
456,0.5599525,0.2966174,168.23653984069824
457,0.56005824,0.29847974,143.6554250717163
458,0.5601904,0.29416043,222.33682203292847
459,0.560287,0.29556698,169.8247299194336
460,0.56034034,0.29270583,85.41725397109985
461,0.5603667,0.29348826,107.08179807662964
462,0.5603801,0.29206944,91.00174236297607
463,0.5603859,0.29266226,121.58171796798706
464,0.56038773,0.29220933,139.56920623779297
465,0.5603897,0.29251683,102.31496810913086
466,0.5603939,0.29190683,130.30062413215637
467,0.5603998,0.29237574,106.21679091453552
468,0.5604028,0.29193497,104.58180570602417
469,0.56040376,0.2922398,95.84974384307861
470,0.5604074,0.29173756,114.21092629432678
471,0.56041276,0.2924611,143.04055452346802
472,0.56041867,0.29171222,100.1677598953247
473,0.56042147,0.29222482,197.79143714904785
474,0.56042457,0.2917598,154.25184679031372
475,0.56043124,0.29250914,82.45974612236023
476,0.5604427,0.2918046,80.77325510978699
477,0.56046176,0.29301828,111.12104344367981
478,0.560488,0.2926098,156.62721276283264
479,0.5605079,0.2922476,75.95901942253113
480,0.5605291,0.2922052,129.15213799476624
481,0.5605462,0.29283458,108.58071994781494
482,0.5605675,0.291825,73.6088616847992
483,0.56060946,0.29374135,97.99540114402771
484,0.56067216,0.29284573,120.58796548843384
485,0.56072396,0.29424554,222.93209528923035
486,0.56083226,0.29279453,211.08298182487488
487,0.56097776,0.29547435,192.66228318214417
488,0.56109905,0.2941956,197.15399384498596
489,0.5612365,0.29709446,146.31702041625977
490,0.5613747,0.29506648,95.62984299659729
491,0.5614775,0.29818225,132.46072936058044
492,0.5615649,0.2953,79.7987916469574
493,0.56164324,0.29730213,220.82082724571228
494,0.561728,0.29610962,106.65251469612122
495,0.5617754,0.29680997,133.0563611984253
496,0.5618706,0.29629624,146.3262791633606
497,0.5619073,0.2968642,195.7141454219818
498,0.5619204,0.29614824,129.1682949066162
499,0.5619339,0.2970897,104.06140375137329
500,0.5619572,0.29699087,149.38511109352112
501,0.56196463,0.2972759,162.06493139266968
502,0.5619652,0.29708338,135.52170491218567
503,0.5619657,0.2970323,183.5573389530182
504,0.5619712,0.29754782,110.73105120658875
505,0.56199515,0.29697752,174.2031021118164
506,0.56199825,0.2974407,70.29346489906311
507,0.56199884,0.29741496,121.05465173721313
508,0.56199944,0.29750752,144.49831199645996
509,0.56199956,0.2974084,168.31573224067688
510,0.5619996,0.2974748,111.16018414497375
511,0.5619997,0.2974062,98.82480025291443
512,0.56200016,0.29753804,160.2173149585724
513,0.5620004,0.29746377,100.28476095199585
514,0.5620004,0.29749042,102.79441714286804
515,0.5620004,0.29744118,89.81041026115417
516,0.56200045,0.29745638,101.3288745880127
517,0.5620005,0.2974453,133.40121150016785
518,0.56200063,0.2974075,181.7853627204895
519,0.56200147,0.29763365,115.0560851097107
520,0.56200194,0.2974776,158.59058237075806
521,0.56200194,0.29749918,104.88905000686646
522,0.56200194,0.297476,225.93431520462036
523,0.56200194,0.29748565,183.0495846271515
524,0.56200206,0.2974614,207.9461784362793
525,0.5620022,0.29752636,221.28479027748108
526,0.5620024,0.29747194,155.46497130393982
527,0.56200284,0.2975977,178.04807996749878
528,0.562003,0.2975012,178.66565132141113
529,0.562003,0.29755068,104.68944025039673
530,0.56200385,0.2973811,121.13931584358215
531,0.5620041,0.2975366,208.14334273338318
532,0.5620041,0.29754114,172.70775055885315
533,0.5620041,0.2975434,143.56343603134155
534,0.56200415,0.2975453,114.78230953216553
535,0.56200415,0.2975247,119.95299100875854
536,0.56200415,0.29754484,147.11739897727966
537,0.5620042,0.29754478,90.45528173446655
538,0.5620044,0.29747498,216.78407192230225
539,0.56200457,0.2975679,150.5627248287201
540,0.56200457,0.29754412,88.63741278648376
541,0.56200457,0.29756862,109.5568950176239
542,0.5620054,0.2974177,152.2112934589386
543,0.5620057,0.29756105,110.94927620887756
544,0.5620057,0.29754746,143.37780046463013
545,0.5620057,0.29755086,132.57571530342102
546,0.56200576,0.29754996,213.4463667869568
547,0.56200576,0.29756957,222.1037609577179
548,0.56200576,0.2975505,107.9729962348938
549,0.56200576,0.2975673,132.18744587898254
550,0.56200576,0.29756618,123.94952535629272
551,0.5620065,0.29746163,142.63342714309692
552,0.56200707,0.29757798,173.94177532196045
553,0.5620072,0.29759908,140.32875084877014
554,0.5620072,0.29760844,141.58777165412903
555,0.5620072,0.297616,102.44716906547546
556,0.5620072,0.29759628,190.9977626800537
557,0.56200725,0.29760623,74.86169052124023
558,0.56200725,0.29760623,117.03196740150452
559,0.56200725,0.29760623,125.53343367576599
560,0.56200725,0.29760623,182.41768765449524
561,0.56200725,0.29760623,119.85798835754395
562,0.56200725,0.29760623,148.8300223350525
563,0.56200725,0.29760623,176.47875261306763
564,0.56200725,0.29760623,113.66185355186462
565,0.56200725,0.29760623,183.2782084941864
566,0.56200725,0.29760623,145.9450659751892
567,0.56200725,0.29760623,86.62338376045227
568,0.56200725,0.29760623,87.38978052139282
569,0.56200725,0.29760623,80.24010920524597
570,0.56200725,0.29760623,140.09519386291504
571,0.56200725,0.29760623,209.07905101776123
572,0.56200725,0.29760623,124.10516619682312
573,0.56200725,0.29760623,92.57037281990051
574,0.56200725,0.29760623,170.08200097084045
575,0.56200725,0.29760623,212.89814400672913
576,0.56200725,0.29760623,111.49079990386963
577,0.56200725,0.29760623,116.28794550895691
578,0.56200725,0.29760623,122.04989814758301
579,0.56200725,0.29760623,194.0686900615692
580,0.56200725,0.29760623,114.59377145767212
581,0.56200725,0.29760623,85.28591680526733
582,0.56200725,0.29760623,150.34765720367432
583,0.56200725,0.29760623,210.70103192329407
584,0.56200725,0.29760623,95.1659677028656
585,0.56200725,0.29760623,195.33852529525757
586,0.56200725,0.29760623,156.65962052345276
587,0.56200725,0.29760623,99.57726907730103
588,0.56200725,0.29760623,108.37346482276917
589,0.56200725,0.29760623,103.12335395812988
590,0.56200725,0.29760623,92.98970580101013
591,0.56200725,0.29760623,113.25954222679138
592,0.56200725,0.29760623,212.79314875602722
593,0.56200725,0.29760623,116.42668890953064
594,0.56200725,0.29760623,126.67271542549133
595,0.56200725,0.29760623,99.66653203964233
596,0.56200725,0.29760623,101.09813261032104
597,0.56200725,0.29760623,96.99531531333923
598,0.56200725,0.29760623,117.64504957199097
599,0.56200725,0.29760623,207.2074680328369
600,0.56200725,0.29760623,162.3540382385254
601,0.56200725,0.29760623,102.41106700897217
602,0.56200725,0.29760623,74.57084107398987
603,0.56200725,0.29760623,90.6834089756012
604,0.56200725,0.29760623,82.70334935188293
605,0.56200725,0.29760623,142.45349788665771
606,0.56200725,0.29760623,201.25234365463257
607,0.56200725,0.29760623,106.88582587242126
608,0.56200725,0.29760623,191.0748028755188
609,0.56200725,0.29760623,183.99343299865723
610,0.56200725,0.29760623,172.42322659492493
611,0.56200725,0.29760623,204.29274010658264
612,0.56200725,0.29760623,158.48384141921997
613,0.56200725,0.29760623,73.81298160552979
614,0.56200725,0.29760623,106.73435473442078
615,0.56200725,0.29760623,86.36738991737366
616,0.56200725,0.29760623,88.94461441040039
617,0.56200725,0.29760623,112.52010655403137
618,0.56200725,0.29760623,107.845876455307
619,0.56200725,0.29760623,202.59223628044128
620,0.56200725,0.29760623,83.16212058067322
621,0.56200725,0.29760623,186.86514019966125
622,0.56200725,0.29760623,103.67189264297485
623,0.56200725,0.29760623,100.90302181243896
624,0.56200725,0.29760623,67.22847986221313
625,0.56200725,0.29760623,94.68246269226074
626,0.56200725,0.29760623,126.77447938919067
627,0.56200725,0.29760623,104.98908352851868
628,0.56200725,0.29760623,89.877925157547
629,0.56200725,0.29760623,122.80193066596985
630,0.56200725,0.29760623,204.43327474594116
631,0.56200725,0.29760623,196.83076238632202
632,0.56200725,0.29760623,93.79860711097717
633,0.56200725,0.29760623,101.48313522338867
634,0.56200725,0.29760623,137.74778580665588
635,0.56200725,0.29760623,86.05091762542725
636,0.56200725,0.29760623,103.0133683681488
637,0.56200725,0.29760623,160.35013031959534
638,0.56200725,0.29760623,84.4596300125122
639,0.56200725,0.29760623,77.41813635826111
640,0.56200725,0.29760623,98.38289284706116
641,0.56200725,0.29760623,134.6440167427063
642,0.56200725,0.29760623,201.83126163482666
643,0.56200725,0.29760623,82.29027700424194
644,0.56200725,0.29760623,182.7203938961029
645,0.56200725,0.29760623,86.74555730819702
646,0.56200725,0.29760623,105.40808129310608
647,0.56200725,0.29760623,157.77000522613525
648,0.56200725,0.29760623,123.58000588417053
649,0.56200725,0.29760623,202.02861285209656
650,0.56200725,0.29760623,108.33972597122192
651,0.56200725,0.29760623,188.31705284118652
652,0.56200725,0.29760623,96.19273829460144
653,0.56200725,0.29760623,77.7983021736145
654,0.56200725,0.29760623,97.96740412712097
655,0.56200725,0.29760623,99.50011730194092
656,0.56200725,0.29760623,107.635169506073
657,0.56200725,0.29760623,138.55651998519897
658,0.56200725,0.29760623,72.74589323997498
659,0.56200725,0.29760623,120.08971118927002
660,0.56200725,0.29760623,147.25257086753845
661,0.56200725,0.29760623,141.04703211784363
662,0.56200725,0.29760623,132.99961233139038
663,0.56200725,0.29760623,204.51077818870544
664,0.56200725,0.29760623,144.66535711288452
665,0.56200725,0.29760623,79.57546806335449
666,0.56200725,0.29760623,110.29615116119385
667,0.56200725,0.29760623,138.53669500350952
668,0.56200725,0.29760623,90.85133004188538
669,0.56200725,0.29760623,155.5508577823639
670,0.56200725,0.29760623,121.59928846359253
671,0.56200725,0.29760623,208.4688217639923
672,0.56200725,0.29760623,112.48502326011658
673,0.56200725,0.29760623,120.20988249778748
674,0.56200725,0.29760623,142.69247436523438
675,0.56200725,0.29760623,197.94818258285522
676,0.56200725,0.29760623,83.34092164039612
677,0.56200725,0.29760623,119.51063919067383
678,0.56200725,0.29760623,214.78340673446655
679,0.56200725,0.29760623,185.6394169330597
680,0.56200725,0.29760623,109.69661712646484
681,0.56200725,0.29760623,104.40068364143372
682,0.56200725,0.29760623,132.94135522842407
683,0.56200725,0.29760623,123.95285224914551
684,0.56200725,0.29760623,96.39565396308899
685,0.56200725,0.29760623,109.80425000190735
686,0.56200725,0.29760623,128.54498100280762
687,0.56200725,0.29760623,119.32294130325317
688,0.56200725,0.29760623,78.86316585540771
689,0.56200725,0.29760623,110.03723788261414
690,0.56200725,0.29760623,96.7397894859314
691,0.56200725,0.29760623,75.0028932094574
692,0.56200725,0.29760623,70.97290396690369
693,0.56200725,0.29760623,139.33908224105835
694,0.56200725,0.29760623,105.6303358078003
695,0.56200725,0.29760623,202.44174647331238
696,0.56200725,0.29760623,146.91041231155396
697,0.56200725,0.29760623,86.85446953773499
698,0.56200725,0.29760623,155.08552813529968
699,0.56200725,0.29760623,78.5425705909729
700,0.56200725,0.29760623,107.48116946220398
701,0.56200725,0.29760623,95.16256666183472
702,0.56200725,0.29760623,192.05459308624268
703,0.56200725,0.29760623,132.96454119682312
704,0.56200725,0.29760623,109.67181348800659
705,0.56200725,0.29760623,156.81805539131165
706,0.56200725,0.29760623,144.22558116912842
707,0.56200725,0.29760623,98.70083141326904
708,0.56200725,0.29760623,97.74455618858337
709,0.56200725,0.29760623,75.72010350227356
710,0.56200725,0.29760623,106.05310034751892
711,0.56200725,0.29760623,85.59424209594727
712,0.56200725,0.29760623,189.52043914794922
713,0.56200725,0.29760623,78.24547672271729
714,0.56200725,0.29760623,86.93634128570557
715,0.56200725,0.29760623,83.4942717552185
716,0.56200725,0.29760623,90.95967102050781
717,0.56200725,0.29760623,189.36105585098267
718,0.56200725,0.29760623,94.70196056365967
719,0.56200725,0.29760623,185.52994799613953
720,0.56200725,0.29760623,181.3266305923462
721,0.56200725,0.29760623,82.21387338638306
722,0.56200725,0.29760623,102.36060833930969
723,0.56200725,0.29760623,91.47791624069214
724,0.56200725,0.29760623,68.92343258857727
725,0.56200725,0.29760623,78.59597492218018
726,0.56200725,0.29760623,186.11316800117493
727,0.56200725,0.29760623,76.4781711101532
728,0.56200725,0.29760623,85.5653567314148
729,0.56200725,0.29760623,73.82308959960938
730,0.56200725,0.29760623,132.0277440547943
731,0.56200725,0.29760623,124.84250259399414
732,0.56200725,0.29760623,185.1643123626709
733,0.56200725,0.29760623,148.7033679485321
734,0.56200725,0.29760623,73.54849815368652
735,0.56200725,0.29760623,208.54525804519653
736,0.56200725,0.29760623,84.68525767326355
737,0.56200725,0.29760623,117.57166790962219
738,0.56200725,0.29760623,193.09979009628296
739,0.56200725,0.29760623,108.81052136421204
740,0.56200725,0.29760623,157.38731217384338
741,0.56200725,0.29760623,114.80008006095886
742,0.56200725,0.29760623,96.59172534942627
743,0.56200725,0.29760623,97.14715266227722
744,0.56200725,0.29760623,140.28690886497498
745,0.56200725,0.29760623,98.01618576049805
746,0.56200725,0.29760623,161.62045288085938
747,0.56200725,0.29760623,112.6319010257721
748,0.56200725,0.29760623,111.44247627258301
749,0.56200725,0.29760623,170.98814129829407
750,0.56200725,0.29760623,183.46343326568604
751,0.56200725,0.29760623,115.90344953536987
752,0.56200725,0.29760623,189.35301542282104
753,0.56200725,0.29760623,171.73424339294434
754,0.56200725,0.29760623,107.40079116821289
755,0.56200725,0.29760623,81.2084801197052
756,0.56200725,0.29760623,177.1099030971527
757,0.56200725,0.29760623,117.22385382652283
758,0.56200725,0.29760623,103.12847828865051
759,0.56200725,0.29760623,74.74330186843872
760,0.56200725,0.29760623,186.05637288093567
761,0.56200725,0.29760623,141.47374272346497
762,0.56200725,0.29760623,99.25224590301514
763,0.56200725,0.29760623,99.11871552467346
764,0.56200725,0.29760623,82.56515526771545
765,0.56200725,0.29760623,89.20228433609009
766,0.56200725,0.29760623,187.08945298194885
767,0.56200725,0.29760623,150.91981315612793
768,0.56200725,0.29760623,192.93081426620483
769,0.56200725,0.29760623,93.20277452468872
770,0.56200725,0.29760623,93.40027260780334
771,0.56200725,0.29760623,85.9875237941742
772,0.56200725,0.29760623,156.22589874267578
773,0.56200725,0.29760623,181.05517673492432
774,0.56200725,0.29760623,149.7438325881958
775,0.56200725,0.29760623,83.42012453079224
776,0.56200725,0.29760623,65.65729999542236
777,0.56200725,0.29760623,80.0299699306488
778,0.56200725,0.29760623,184.4205482006073
779,0.56200725,0.29760623,156.4829330444336
780,0.56200725,0.29760623,118.10735845565796
781,0.56200725,0.29760623,185.3646149635315
782,0.56200725,0.29760623,186.58903741836548
783,0.56200725,0.29760623,172.7818410396576
784,0.56200725,0.29760623,184.0018811225891
785,0.56200725,0.29760623,88.26780724525452
786,0.56200725,0.29760623,145.59233927726746
787,0.56200725,0.29760623,108.44270467758179
788,0.56200725,0.29760623,140.30124521255493
789,0.56200725,0.29760623,184.01757073402405
790,0.56200725,0.29760623,111.80880665779114
791,0.56200725,0.29760623,145.51324892044067
792,0.56200725,0.29760623,112.09346580505371
793,0.56200725,0.29760623,77.60370445251465
794,0.56200725,0.29760623,66.75340986251831
795,0.56200725,0.29760623,201.25689268112183
796,0.56200725,0.29760623,93.03882145881653
797,0.56200725,0.29760623,195.81971526145935
798,0.56200725,0.29760623,99.81877255439758
799,0.56200725,0.29760623,63.71625542640686
800,0.56200725,0.29760623,187.48847889900208
801,0.56200725,0.29760623,89.87557697296143
802,0.56200725,0.29760623,85.4619402885437
803,0.56200725,0.29760623,119.11480331420898
804,0.56200725,0.29760623,99.25803422927856
805,0.56200725,0.29760623,179.06667113304138
806,0.56200725,0.29760623,149.3304259777069
807,0.56200725,0.29760623,187.6221387386322
808,0.56200725,0.29760623,91.44020223617554
809,0.56200725,0.29760623,171.81656885147095
810,0.56200725,0.29760623,83.87040638923645
811,0.56200725,0.29760623,117.3110339641571
812,0.56200725,0.29760623,75.57309627532959
813,0.56200725,0.29760623,140.9995322227478
814,0.56200725,0.29760623,86.3587486743927
815,0.56200725,0.29760623,91.49084115028381
816,0.56200725,0.29760623,75.72481966018677
817,0.56200725,0.29760623,165.17187094688416
818,0.56200725,0.29760623,80.95440340042114
819,0.56200725,0.29760623,102.3491439819336
820,0.56200725,0.29760623,180.0296950340271
821,0.56200725,0.29760623,83.89548921585083
822,0.56200725,0.29760623,129.36019110679626
823,0.56200725,0.29760623,77.97447156906128
824,0.56200725,0.29760623,73.03143191337585
825,0.56200725,0.29760623,124.7175874710083
826,0.56200725,0.29760623,109.38956928253174
827,0.56200725,0.29760623,85.08108353614807
828,0.56200725,0.29760623,144.49441409111023
829,0.56200725,0.29760623,87.97303891181946
830,0.56200725,0.29760623,132.51955151557922
831,0.56200725,0.29760623,189.75211215019226
832,0.56200725,0.29760623,137.77633237838745
833,0.56200725,0.29760623,110.24530339241028
834,0.56200725,0.29760623,114.4418535232544
835,0.56200725,0.29760623,183.21809315681458
836,0.56200725,0.29760623,67.93549633026123
837,0.56200725,0.29760623,104.77745032310486
838,0.56200725,0.29760623,98.19011783599854
839,0.56200725,0.29760623,90.75985288619995
840,0.56200725,0.29760623,80.61744856834412
841,0.56200725,0.29760623,76.40451049804688
842,0.56200725,0.29760623,96.97763872146606
843,0.56200725,0.29760623,153.3058042526245
844,0.56200725,0.29760623,80.10281491279602
845,0.56200725,0.29760623,123.35396671295166
846,0.56200725,0.29760623,82.34148406982422
847,0.56200725,0.29760623,93.66011834144592
848,0.56200725,0.29760623,70.12618684768677
849,0.56200725,0.29760623,178.5658893585205
850,0.56200725,0.29760623,89.54450845718384
851,0.56200725,0.29760623,76.23516988754272
852,0.56200725,0.29760623,110.49912214279175
853,0.56200725,0.29760623,78.82289004325867
854,0.56200725,0.29760623,71.79293441772461
855,0.56200725,0.29760623,108.47095775604248
856,0.56200725,0.29760623,77.84079217910767
857,0.56200725,0.29760623,123.80781555175781
858,0.56200725,0.29760623,89.77074575424194
859,0.56200725,0.29760623,140.71308970451355
860,0.56200725,0.29760623,113.45288491249084
861,0.56200725,0.29760623,111.49683547019958
862,0.56200725,0.29760623,71.73716855049133
863,0.56200725,0.29760623,64.24512672424316
864,0.56200725,0.29760623,76.33378767967224
865,0.56200725,0.29760623,66.75398421287537
866,0.56200725,0.29760623,66.51393246650696
867,0.56200725,0.29760623,171.0953724384308
868,0.56200725,0.29760623,157.02744030952454
869,0.56200725,0.29760623,71.51626253128052
870,0.56200725,0.29760623,78.66874146461487
871,0.56200725,0.29760623,62.31393098831177
872,0.56200725,0.29760623,154.54795026779175
873,0.56200725,0.29760623,150.43549823760986
874,0.56200725,0.29760623,65.88375616073608
875,0.56200725,0.29760623,96.39562439918518
876,0.56200725,0.29760623,130.18477177619934
877,0.56200725,0.29760623,79.59641551971436
878,0.56200725,0.29760623,113.05992102622986
879,0.56200725,0.29760623,99.56427931785583
880,0.56200725,0.29760623,82.07301640510559
881,0.56200725,0.29760623,146.10471320152283
882,0.56200725,0.29760623,141.0206320285797
883,0.56200725,0.29760623,71.36216473579407
884,0.56200725,0.29760623,161.64340114593506
885,0.56200725,0.29760623,91.35103869438171
886,0.56200725,0.29760623,63.966214418411255
887,0.56200725,0.29760623,111.74384689331055
888,0.56200725,0.29760623,83.43981218338013
889,0.56200725,0.29760623,90.65557956695557
890,0.56200725,0.29760623,95.16861748695374
891,0.56200725,0.29760623,90.28750538825989
892,0.56200725,0.29760623,74.40782308578491
893,0.56200725,0.29760623,158.95337772369385
894,0.56200725,0.29760623,78.72246050834656
895,0.56200725,0.29760623,76.80974221229553
896,0.56200725,0.29760623,82.24284386634827
897,0.56200725,0.29760623,96.04168272018433
898,0.56200725,0.29760623,108.36101484298706
899,0.56200725,0.29760623,154.0535490512848
900,0.56200725,0.29760623,162.5681118965149
901,0.56200725,0.29760623,125.03046202659607
902,0.56200725,0.29760623,73.46351647377014
903,0.56200725,0.29760623,73.69999408721924
904,0.56200725,0.29760623,145.13183999061584
905,0.56200725,0.29760623,71.00490355491638
906,0.56200725,0.29760623,162.43469142913818
907,0.56200725,0.29760623,62.297106981277466
908,0.56200725,0.29760623,119.93260979652405
909,0.56200725,0.29760623,62.226611614227295
910,0.56200725,0.29760623,162.4691345691681
911,0.56200725,0.29760623,87.00908207893372
912,0.56200725,0.29760623,114.69729089736938
913,0.56200725,0.29760623,105.61651039123535
914,0.56200725,0.29760623,139.79305028915405
915,0.56200725,0.29760623,80.26024532318115
916,0.56200725,0.29760623,125.02806258201599
917,0.56200725,0.29760623,75.28599071502686
918,0.56200725,0.29760623,162.90637278556824
919,0.56200725,0.29760623,96.76416516304016
920,0.56200725,0.29760623,164.87496280670166
921,0.56200725,0.29760623,167.0469343662262
922,0.56200725,0.29760623,93.1830267906189
923,0.56200725,0.29760623,67.37328362464905
924,0.56200725,0.29760623,86.13815927505493
925,0.56200725,0.29760623,92.76163840293884
926,0.56200725,0.29760623,76.15009593963623
927,0.56200725,0.29760623,89.37631154060364
928,0.56200725,0.29760623,136.09525108337402
929,0.56200725,0.29760623,83.20112657546997
930,0.56200725,0.29760623,57.58312964439392
931,0.56200725,0.29760623,78.0721480846405
932,0.56200725,0.29760623,146.1219265460968
933,0.56200725,0.29760623,83.63791370391846
934,0.56200725,0.29760623,76.34448337554932
935,0.56200725,0.29760623,82.73989343643188
936,0.56200725,0.29760623,80.26455354690552
937,0.56200725,0.29760623,95.55679893493652
938,0.56200725,0.29760623,82.90011167526245
939,0.56200725,0.29760623,79.87683820724487
940,0.56200725,0.29760623,167.2918610572815
941,0.56200725,0.29760623,76.82880234718323
942,0.56200725,0.29760623,82.06857895851135
943,0.56200725,0.29760623,110.80089163780212
944,0.56200725,0.29760623,79.64847993850708
945,0.56200725,0.29760623,133.62044882774353
946,0.56200725,0.29760623,144.80169463157654
947,0.56200725,0.29760623,88.48049569129944
948,0.56200725,0.29760623,120.66786098480225
949,0.56200725,0.29760623,163.96467518806458
950,0.56200725,0.29760623,67.19575309753418
951,0.56200725,0.29760623,91.64383912086487
952,0.56200725,0.29760623,81.32627391815186
953,0.56200725,0.29760623,161.59479880332947
954,0.56200725,0.29760623,153.14133667945862
955,0.56200725,0.29760623,158.7814302444458
956,0.56200725,0.29760623,96.82144927978516
957,0.56200725,0.29760623,73.98776888847351
958,0.56200725,0.29760623,104.13243317604065
959,0.56200725,0.29760623,85.46657991409302
960,0.56200725,0.29760623,80.98997616767883
961,0.56200725,0.29760623,82.67574405670166
962,0.56200725,0.29760623,81.03324437141418
963,0.56200725,0.29760623,134.42989563941956
964,0.56200725,0.29760623,114.2643985748291
965,0.56200725,0.29760623,159.17664694786072
966,0.56200725,0.29760623,143.0324091911316
967,0.56200725,0.29760623,93.75345134735107
968,0.56200725,0.29760623,90.04415607452393
969,0.56200725,0.29760623,96.98388242721558
970,0.56200725,0.29760623,84.30852675437927
971,0.56200725,0.29760623,79.60632467269897
972,0.56200725,0.29760623,72.8556809425354
973,0.56200725,0.29760623,86.43677473068237
974,0.56200725,0.29760623,61.52493214607239
975,0.56200725,0.29760623,142.587908744812
976,0.56200725,0.29760623,139.21516180038452
977,0.56200725,0.29760623,63.96660232543945
978,0.56200725,0.29760623,60.7972195148468
979,0.56200725,0.29760623,82.24060463905334
980,0.56200725,0.29760623,87.33206963539124
981,0.56200725,0.29760623,79.7034158706665
982,0.56200725,0.29760623,66.61340260505676
983,0.56200725,0.29760623,116.7621533870697
984,0.56200725,0.29760623,133.37141227722168
985,0.56200725,0.29760623,99.66111326217651
986,0.56200725,0.29760623,99.45123410224915
987,0.56200725,0.29760623,86.48127460479736
988,0.56200725,0.29760623,61.91365671157837
989,0.56200725,0.29760623,86.18290853500366
990,0.56200725,0.29760623,162.33939576148987
991,0.56200725,0.29760623,110.47551393508911
992,0.56200725,0.29760623,74.38064312934875
993,0.56200725,0.29760623,159.84249448776245
994,0.56200725,0.29760623,161.50494194030762
995,0.56200725,0.29760623,108.84933519363403
996,0.56200725,0.29760623,162.77825331687927
997,0.56200725,0.29760623,70.32211303710938
998,0.56200725,0.29760623,107.76689767837524
999,0.56200725,0.29760623,100.64352607727051
1000,0.56200725,0.29760623,157.42591786384583
1001,0.56200725,0.29760623,67.17488217353821
1002,0.56200725,0.29760623,138.4470751285553
1003,0.56200725,0.29760623,139.36637997627258
1004,0.56200725,0.29760623,162.8176474571228
1005,0.56200725,0.29760623,98.19000792503357
1006,0.56200725,0.29760623,76.1891028881073
1007,0.56200725,0.29760623,151.77910470962524
1008,0.56200725,0.29760623,133.6426568031311
1009,0.56200725,0.29760623,66.27333068847656
1010,0.56200725,0.29760623,131.77642059326172
1011,0.56200725,0.29760623,79.67827916145325
1012,0.56200725,0.29760623,112.39459013938904
1013,0.56200725,0.29760623,82.33858156204224
1014,0.56200725,0.29760623,55.841490030288696
1015,0.56200725,0.29760623,160.9653675556183
1016,0.56200725,0.29760623,164.52375054359436
1017,0.56200725,0.29760623,142.41352939605713
1018,0.56200725,0.29760623,73.74538207054138
1019,0.56200725,0.29760623,129.8703396320343
1020,0.56200725,0.29760623,94.32861018180847
1021,0.56200725,0.29760623,143.14477634429932
1022,0.56200725,0.29760623,159.23035836219788
1023,0.56200725,0.29760623,80.69937634468079
1024,0.56200725,0.29760623,99.90551924705505
1025,0.56200725,0.29760623,75.78130173683167
1026,0.56200725,0.29760623,87.41517210006714
1027,0.56200725,0.29760623,81.1223418712616
1028,0.56200725,0.29760623,134.0875174999237
1029,0.56200725,0.29760623,90.25858640670776
1030,0.56200725,0.29760623,67.79027223587036
1031,0.56200725,0.29760623,76.4601583480835
1032,0.56200725,0.29760623,167.04133868217468
1033,0.56200725,0.29760623,163.24860501289368
1034,0.56200725,0.29760623,80.06515884399414
1035,0.56200725,0.29760623,113.76576948165894
1036,0.56200725,0.29760623,76.89140367507935
1037,0.56200725,0.29760623,91.92222809791565
1038,0.56200725,0.29760623,100.059415102005
1039,0.56200725,0.29760623,166.20643734931946
1040,0.56200725,0.29760623,77.26193976402283
1041,0.56200725,0.29760623,63.83378481864929
1042,0.56200725,0.29760623,147.57334923744202
1043,0.56200725,0.29760623,147.27681398391724
1044,0.56200725,0.29760623,62.15466094017029
1045,0.56200725,0.29760623,59.17982530593872
1046,0.56200725,0.29760623,93.31632542610168
1047,0.56200725,0.29760623,85.33711886405945
1048,0.56200725,0.29760623,115.93972826004028
1049,0.56200725,0.29760623,144.56610751152039
1050,0.56200725,0.29760623,157.53264951705933
1051,0.56200725,0.29760623,136.55964374542236
1052,0.56200725,0.29760623,77.67219233512878
1053,0.56200725,0.29760623,71.88615798950195
1054,0.56200725,0.29760623,107.32337522506714
1055,0.56200725,0.29760623,75.35274410247803
1056,0.56200725,0.29760623,90.6393051147461
1057,0.56200725,0.29760623,64.20347213745117
1058,0.56200725,0.29760623,157.90147829055786
1059,0.56200725,0.29760623,110.34465098381042
1060,0.56200725,0.29760623,173.37536454200745
1061,0.56200725,0.29760623,128.53933191299438
1062,0.56200725,0.29760623,167.87244415283203
1063,0.56200725,0.29760623,171.93158388137817
1064,0.56200725,0.29760623,115.50625228881836
1065,0.56200725,0.29760623,109.12671136856079
1066,0.56200725,0.29760623,71.70536637306213
1067,0.56200725,0.29760623,90.27748084068298
1068,0.56200725,0.29760623,88.71780705451965
1069,0.56200725,0.29760623,83.33243536949158
1070,0.56200725,0.29760623,84.60576152801514
1071,0.56200725,0.29760623,128.9164981842041
1072,0.56200725,0.29760623,77.81770443916321
1073,0.56200725,0.29760623,78.85893416404724
1074,0.56200725,0.29760623,166.71122694015503
1075,0.56200725,0.29760623,118.08744978904724
1076,0.56200725,0.29760623,57.908552169799805
1077,0.56200725,0.29760623,90.79582214355469
1078,0.56200725,0.29760623,78.66324019432068
1079,0.56200725,0.29760623,107.49836611747742
1080,0.56200725,0.29760623,72.27165031433105
1081,0.56200725,0.29760623,78.66074228286743
1082,0.56200725,0.29760623,69.65016055107117
1083,0.56200725,0.29760623,57.625890016555786
1084,0.56200725,0.29760623,74.66883516311646
1085,0.56200725,0.29760623,98.14086031913757
1086,0.56200725,0.29760623,166.9367392063141
1087,0.56200725,0.29760623,161.1407127380371
1088,0.56200725,0.29760623,65.87135982513428
1089,0.56200725,0.29760623,161.838121175766
1090,0.56200725,0.29760623,95.5086042881012
1091,0.56200725,0.29760623,151.1194450855255
1092,0.56200725,0.29760623,149.99011301994324
1093,0.56200725,0.29760623,132.86223244667053
1094,0.56200725,0.29760623,76.1016640663147
1095,0.56200725,0.29760623,100.78085923194885
1096,0.56200725,0.29760623,189.08523511886597
1097,0.56200725,0.29760623,98.1004958152771
1098,0.56200725,0.29760623,92.62450122833252
1099,0.56200725,0.29760623,133.24361443519592
1100,0.56200725,0.29760623,83.97969365119934
1101,0.56200725,0.29760623,113.14906311035156
1102,0.56200725,0.29760623,136.88725996017456
1103,0.56200725,0.29760623,106.64420533180237
1104,0.56200725,0.29760623,76.85839438438416
1105,0.56200725,0.29760623,81.20661735534668
1106,0.56200725,0.29760623,60.215476989746094
1107,0.56200725,0.29760623,91.58389186859131
1108,0.56200725,0.29760623,74.4382152557373
1109,0.56200725,0.29760623,80.04052090644836
1110,0.56200725,0.29760623,107.85439562797546
1111,0.56200725,0.29760623,69.56428456306458
1112,0.56200725,0.29760623,65.0876796245575
1113,0.56200725,0.29760623,84.41117095947266
1114,0.56200725,0.29760623,74.51237368583679
1115,0.56200725,0.29760623,125.38464093208313
1116,0.56200725,0.29760623,96.62862157821655
1117,0.56200725,0.29760623,89.0145480632782
1118,0.56200725,0.29760623,80.68471837043762
1119,0.56200725,0.29760623,167.59375929832458
1120,0.56200725,0.29760623,106.21238422393799
1121,0.56200725,0.29760623,53.902530908584595
1122,0.56200725,0.29760623,69.67892479896545
1123,0.56200725,0.29760623,158.5416600704193
1124,0.56200725,0.29760623,93.69196033477783
1125,0.56200725,0.29760623,101.06668019294739
1126,0.56200725,0.29760623,77.46780586242676
1127,0.56200725,0.29760623,108.00283336639404
1128,0.56200725,0.29760623,123.35976910591125
1129,0.56200725,0.29760623,104.28279113769531
1130,0.56200725,0.29760623,67.67181396484375
1131,0.56200725,0.29760623,56.72132754325867
1132,0.56200725,0.29760623,102.90876030921936
1133,0.56200725,0.29760623,77.9906256198883
1134,0.56200725,0.29760623,121.08047914505005
1135,0.56200725,0.29760623,121.77582907676697
1136,0.56200725,0.29760623,65.25699019432068
1137,0.56200725,0.29760623,119.77265000343323
1138,0.56200725,0.29760623,101.4905092716217
1139,0.56200725,0.29760623,117.28598380088806
1140,0.56200725,0.29760623,75.51880240440369
1141,0.56200725,0.29760623,67.78744459152222
1142,0.56200725,0.29760623,78.77987551689148
1143,0.56200725,0.29760623,67.9740002155304
1144,0.56200725,0.29760623,74.77453327178955
1145,0.56200725,0.29760623,146.45474982261658
1146,0.56200725,0.29760623,70.76221966743469
1147,0.56200725,0.29760623,90.52353405952454
1148,0.56200725,0.29760623,74.9455156326294
1149,0.56200725,0.29760623,83.16657662391663
1150,0.56200725,0.29760623,76.03895807266235
1151,0.56200725,0.29760623,106.00108575820923
1152,0.56200725,0.29760623,83.75229263305664
1153,0.56200725,0.29760623,165.49828577041626
1154,0.56200725,0.29760623,64.98141932487488
1155,0.56200725,0.29760623,108.89059972763062
1156,0.56200725,0.29760623,75.76224112510681
1157,0.56200725,0.29760623,95.52564287185669
1158,0.56200725,0.29760623,103.3175618648529
1159,0.56200725,0.29760623,107.06584572792053
1160,0.56200725,0.29760623,97.84558892250061
1161,0.56200725,0.29760623,81.38234829902649
1162,0.56200725,0.29760623,144.93482279777527
1163,0.56200725,0.29760623,78.57643842697144
1164,0.56200725,0.29760623,115.63361954689026
1165,0.56200725,0.29760623,96.39054846763611
1166,0.56200725,0.29760623,56.786566495895386
1167,0.56200725,0.29760623,56.18159222602844
1168,0.56200725,0.29760623,188.33869123458862
1169,0.56200725,0.29760623,90.10431337356567
1170,0.56200725,0.29760623,75.9524073600769
1171,0.56200725,0.29760623,127.19406294822693
1172,0.56200725,0.29760623,160.36317372322083
1173,0.56200725,0.29760623,132.72214245796204
1174,0.56200725,0.29760623,166.38908624649048
1175,0.56200725,0.29760623,73.31862282752991
1176,0.56200725,0.29760623,78.66161966323853
1177,0.56200725,0.29760623,91.59750628471375
1178,0.56200725,0.29760623,75.5876100063324
1179,0.56200725,0.29760623,167.84138941764832
1180,0.56200725,0.29760623,77.30886793136597
1181,0.56200725,0.29760623,121.59594678878784
1182,0.56200725,0.29760623,84.54564094543457
1183,0.56200725,0.29760623,156.40106415748596
1184,0.56200725,0.29760623,112.00794625282288
1185,0.56200725,0.29760623,132.7066569328308
1186,0.56200725,0.29760623,144.1837649345398
1187,0.56200725,0.29760623,56.51443362236023
1188,0.56200725,0.29760623,122.58472728729248
1189,0.56200725,0.29760623,83.1264317035675
1190,0.56200725,0.29760623,100.19256353378296
1191,0.56200725,0.29760623,75.64866232872009
1192,0.56200725,0.29760623,161.01769876480103
1193,0.56200725,0.29760623,80.36242485046387
1194,0.56200725,0.29760623,72.01773810386658
1195,0.56200725,0.29760623,164.67317271232605
1196,0.56200725,0.29760623,78.03249454498291
1197,0.56200725,0.29760623,91.35613298416138
1198,0.56200725,0.29760623,70.82851362228394
1199,0.56200725,0.29760623,105.43191838264465
1200,0.56200725,0.29760623,59.42277121543884
1201,0.56200725,0.29760623,111.33096075057983
1202,0.56200725,0.29760623,161.60205507278442
1203,0.56200725,0.29760623,81.86088633537292
1204,0.56200725,0.29760623,105.60555958747864
1205,0.56200725,0.29760623,86.61573672294617
1206,0.56200725,0.29760623,86.29226279258728
1207,0.56200725,0.29760623,143.9645595550537
1208,0.56200725,0.29760623,59.23994159698486
1209,0.56200725,0.29760623,131.79691338539124
1210,0.56200725,0.29760623,164.50826835632324
1211,0.56200725,0.29760623,100.70211791992188
1212,0.56200725,0.29760623,123.53910541534424
1213,0.56200725,0.29760623,126.61117124557495
1214,0.56200725,0.29760623,68.34411787986755
1215,0.56200725,0.29760623,81.49165630340576
1216,0.56200725,0.29760623,165.66379594802856
1217,0.56200725,0.29760623,159.59829187393188
1218,0.56200725,0.29760623,94.10872793197632
1219,0.56200725,0.29760623,123.04159617424011
1220,0.56200725,0.29760623,59.43212938308716
1221,0.56200725,0.29760623,88.3672080039978
1222,0.56200725,0.29760623,60.09169578552246
1223,0.56200725,0.29760623,79.76372766494751
1224,0.56200725,0.29760623,130.1566801071167
1225,0.56200725,0.29760623,129.72509956359863
1226,0.56200725,0.29760623,80.55006790161133
1227,0.56200725,0.29760623,113.32467889785767
1228,0.56200725,0.29760623,155.61505889892578
1229,0.56200725,0.29760623,87.9862904548645
1230,0.56200725,0.29760623,91.2301619052887
1231,0.56200725,0.29760623,162.2099642753601
1232,0.56200725,0.29760623,95.25542140007019
1233,0.56200725,0.29760623,101.29852867126465
1234,0.56200725,0.29760623,67.9465663433075
1235,0.56200725,0.29760623,67.88090491294861
1236,0.56200725,0.29760623,100.77764534950256
1237,0.56200725,0.29760623,97.12740755081177
1238,0.56200725,0.29760623,135.8205282688141
1239,0.56200725,0.29760623,100.62147521972656
1240,0.56200725,0.29760623,125.79003095626831
1241,0.56200725,0.29760623,107.99606680870056
1242,0.56200725,0.29760623,85.02384614944458
1243,0.56200725,0.29760623,166.9621262550354
1244,0.56200725,0.29760623,96.24710035324097
1245,0.56200725,0.29760623,145.0868480205536
1246,0.56200725,0.29760623,115.5377995967865
1247,0.56200725,0.29760623,85.44286298751831
1248,0.56200725,0.29760623,167.02769494056702
1249,0.56200725,0.29760623,164.9466574192047
1250,0.56200725,0.29760623,96.12955856323242
1251,0.56200725,0.29760623,161.57756972312927
1252,0.56200725,0.29760623,134.62281107902527
1253,0.56200725,0.29760623,149.27984738349915
1254,0.56200725,0.29760623,168.32011938095093
1255,0.56200725,0.29760623,77.2559461593628
1256,0.56200725,0.29760623,63.46243333816528
1257,0.56200725,0.29760623,86.49523758888245
1258,0.56200725,0.29760623,103.18793201446533
1259,0.56200725,0.29760623,160.8352074623108
1260,0.56200725,0.29760623,84.55428814888
1261,0.56200725,0.29760623,100.22918176651001
1262,0.56200725,0.29760623,63.704285860061646
1263,0.56200725,0.29760623,144.35798478126526
1264,0.56200725,0.29760623,163.72646045684814
1265,0.56200725,0.29760623,102.23100590705872
1266,0.56200725,0.29760623,58.01280188560486
1267,0.56200725,0.29760623,120.01958322525024
1268,0.56200725,0.29760623,64.70046472549438
1269,0.56200725,0.29760623,159.04130387306213
1270,0.56200725,0.29760623,160.5539608001709
1271,0.56200725,0.29760623,89.77205753326416
1272,0.56200725,0.29760623,145.48383784294128
1273,0.56200725,0.29760623,61.55535650253296
1274,0.56200725,0.29760623,106.89771866798401
1275,0.56200725,0.29760623,93.40063500404358
1276,0.56200725,0.29760623,85.90248489379883
1277,0.56200725,0.29760623,149.7824730873108
1278,0.56200725,0.29760623,107.39863562583923
1279,0.56200725,0.29760623,64.82294392585754
1280,0.56200725,0.29760623,89.47761082649231
1281,0.56200725,0.29760623,104.7936270236969
1282,0.56200725,0.29760623,99.33377480506897
1283,0.56200725,0.29760623,93.12449717521667
1284,0.56200725,0.29760623,169.88676047325134
1285,0.56200725,0.29760623,124.44762754440308
1286,0.56200725,0.29760623,110.7058117389679
1287,0.56200725,0.29760623,154.34714221954346
1288,0.56200725,0.29760623,93.25205278396606
1289,0.56200725,0.29760623,164.4667410850525
1290,0.56200725,0.29760623,53.43063831329346
1291,0.56200725,0.29760623,84.2361216545105
1292,0.56200725,0.29760623,97.70564317703247
1293,0.56200725,0.29760623,88.37729668617249
1294,0.56200725,0.29760623,163.34900617599487
1295,0.56200725,0.29760623,76.38033366203308
1296,0.56200725,0.29760623,85.38012766838074
1297,0.56200725,0.29760623,73.81374907493591
1298,0.56200725,0.29760623,60.168506383895874
1299,0.56200725,0.29760623,121.67604422569275
1300,0.56200725,0.29760623,66.91718363761902
1301,0.56200725,0.29760623,60.41542959213257
1302,0.56200725,0.29760623,127.3070616722107
1303,0.56200725,0.29760623,101.02241325378418
1304,0.56200725,0.29760623,149.27602434158325
1305,0.56200725,0.29760623,108.00528192520142
1306,0.56200725,0.29760623,98.16607165336609
1307,0.56200725,0.29760623,80.5889937877655
1308,0.56200725,0.29760623,100.17892241477966
1309,0.56200725,0.29760623,55.76398205757141
1310,0.56200725,0.29760623,110.66538119316101
1311,0.56200725,0.29760623,155.19054794311523
1312,0.56200725,0.29760623,112.86206483840942
1313,0.56200725,0.29760623,92.07372832298279
1314,0.56200725,0.29760623,181.0623960494995
1315,0.56200725,0.29760623,99.31216073036194
1316,0.56200725,0.29760623,78.90284299850464
1317,0.56200725,0.29760623,103.90452432632446
1318,0.56200725,0.29760623,124.21298241615295
1319,0.56200725,0.29760623,105.5441484451294
1320,0.56200725,0.29760623,85.51103234291077
1321,0.56200725,0.29760623,101.32598423957825
1322,0.56200725,0.29760623,88.4231743812561
1323,0.56200725,0.29760623,162.27026343345642
1324,0.56200725,0.29760623,143.54036021232605
1325,0.56200725,0.29760623,82.26187634468079
1326,0.56200725,0.29760623,90.11854195594788
1327,0.56200725,0.29760623,85.23956799507141
1328,0.56200725,0.29760623,83.6850209236145
1329,0.56200725,0.29760623,77.47457027435303
1330,0.56200725,0.29760623,144.3159954547882
1331,0.56200725,0.29760623,68.66290402412415
1332,0.56200725,0.29760623,88.25144624710083
1333,0.56200725,0.29760623,89.86873865127563
1334,0.56200725,0.29760623,71.49592566490173
1335,0.56200725,0.29760623,151.03947710990906
1336,0.56200725,0.29760623,69.20967769622803
1337,0.56200725,0.29760623,69.2869861125946
1338,0.56200725,0.29760623,166.69653367996216
1339,0.56200725,0.29760623,101.86493515968323
1340,0.56200725,0.29760623,69.70447516441345
1341,0.56200725,0.29760623,101.02274322509766
1342,0.56200725,0.29760623,86.13479924201965
1343,0.56200725,0.29760623,116.21128845214844
1344,0.56200725,0.29760623,156.00929737091064
1345,0.56200725,0.29760623,100.63723945617676
1346,0.56200725,0.29760623,160.4062373638153
1347,0.56200725,0.29760623,68.45917773246765
1348,0.56200725,0.29760623,82.83824253082275
1349,0.56200725,0.29760623,167.2397198677063
1350,0.56200725,0.29760623,85.96236038208008
1351,0.56200725,0.29760623,96.28792548179626
1352,0.56200725,0.29760623,95.09016609191895
1353,0.56200725,0.29760623,77.03180718421936
1354,0.56200725,0.29760623,131.8210563659668
1355,0.56200725,0.29760623,94.83273839950562
1356,0.56200725,0.29760623,85.4668071269989
1357,0.56200725,0.29760623,82.13433337211609
1358,0.56200725,0.29760623,85.34459590911865
1359,0.56200725,0.29760623,75.11518931388855
1360,0.56200725,0.29760623,158.15805411338806
1361,0.56200725,0.29760623,137.74030113220215
1362,0.56200725,0.29760623,97.91441178321838
1363,0.56200725,0.29760623,65.49482417106628
1364,0.56200725,0.29760623,70.92168474197388
1365,0.56200725,0.29760623,98.03610348701477
1366,0.56200725,0.29760623,151.58539938926697
1367,0.56200725,0.29760623,83.11882495880127
1368,0.56200725,0.29760623,73.15776920318604
1369,0.56200725,0.29760623,68.24141240119934
1370,0.56200725,0.29760623,157.3637433052063
1371,0.56200725,0.29760623,71.33477354049683
1372,0.56200725,0.29760623,67.76611876487732
1373,0.56200725,0.29760623,75.84129643440247
1374,0.56200725,0.29760623,140.82127475738525
1375,0.56200725,0.29760623,132.152574300766
1376,0.56200725,0.29760623,100.92605066299438
1377,0.56200725,0.29760623,60.913249254226685
1378,0.56200725,0.29760623,112.12799835205078
1379,0.56200725,0.29760623,156.16519498825073
1380,0.56200725,0.29760623,100.125657081604
1381,0.56200725,0.29760623,151.23936939239502
1382,0.56200725,0.29760623,79.16140675544739
1383,0.56200725,0.29760623,77.51656603813171
1384,0.56200725,0.29760623,99.9256739616394
1385,0.56200725,0.29760623,111.80911612510681
1386,0.56200725,0.29760623,76.54930090904236
1387,0.56200725,0.29760623,107.02299451828003
1388,0.56200725,0.29760623,74.23475956916809
1389,0.56200725,0.29760623,154.55422687530518
1390,0.56200725,0.29760623,92.79311466217041
1391,0.56200725,0.29760623,94.94922351837158
1392,0.56200725,0.29760623,89.33229851722717
1393,0.56200725,0.29760623,85.43948173522949
1394,0.56200725,0.29760623,58.76996898651123
1395,0.56200725,0.29760623,130.2133092880249
1396,0.56200725,0.29760623,94.57399320602417
1397,0.56200725,0.29760623,129.1544370651245
1398,0.56200725,0.29760623,93.07404804229736
1399,0.56200725,0.29760623,77.77012252807617
1400,0.56200725,0.29760623,153.9550654888153
1401,0.56200725,0.29760623,87.9396870136261
1402,0.56200725,0.29760623,142.8258330821991
1403,0.56200725,0.29760623,59.03092885017395
1404,0.56200725,0.29760623,91.10346007347107
1405,0.56200725,0.29760623,88.59441304206848
1406,0.56200725,0.29760623,80.2564914226532
1407,0.56200725,0.29760623,87.26845955848694
1408,0.56200725,0.29760623,94.80261373519897
1409,0.56200725,0.29760623,109.68291640281677
1410,0.56200725,0.29760623,93.21983647346497
1411,0.56200725,0.29760623,85.56490159034729
1412,0.56200725,0.29760623,150.72459411621094
1413,0.56200725,0.29760623,70.53878664970398
1414,0.56200725,0.29760623,161.1787588596344
1415,0.56200725,0.29760623,150.01951360702515
1416,0.56200725,0.29760623,159.05814790725708
1417,0.56200725,0.29760623,81.4940664768219
1418,0.56200725,0.29760623,104.73424005508423
1419,0.56200725,0.29760623,94.43613362312317
1420,0.56200725,0.29760623,77.57056188583374
1421,0.56200725,0.29760623,153.09026098251343
1422,0.56200725,0.29760623,119.1612195968628
1423,0.56200725,0.29760623,136.02854132652283
1424,0.56200725,0.29760623,58.93114185333252
1425,0.56200725,0.29760623,174.26164770126343
1426,0.56200725,0.29760623,143.3503110408783
1427,0.56200725,0.29760623,100.10668969154358
1428,0.56200725,0.29760623,91.41417241096497
1429,0.56200725,0.29760623,133.03815937042236
1430,0.56200725,0.29760623,79.95483899116516
1431,0.56200725,0.29760623,81.24999070167542
1432,0.56200725,0.29760623,105.9799222946167
1433,0.56200725,0.29760623,86.1911244392395
1434,0.56200725,0.29760623,66.05725908279419
1435,0.56200725,0.29760623,105.81464576721191
1436,0.56200725,0.29760623,78.509694814682
1437,0.56200725,0.29760623,105.6142725944519
1438,0.56200725,0.29760623,114.3402407169342
1439,0.56200725,0.29760623,76.43571615219116
1440,0.56200725,0.29760623,136.55242824554443
1441,0.56200725,0.29760623,100.62441873550415
1442,0.56200725,0.29760623,144.58753633499146
1443,0.56200725,0.29760623,93.68452382087708
1444,0.56200725,0.29760623,164.79511523246765
1445,0.56200725,0.29760623,121.6593873500824
1446,0.56200725,0.29760623,63.30703949928284
1447,0.56200725,0.29760623,150.49635314941406
1448,0.56200725,0.29760623,79.41987895965576
1449,0.56200725,0.29760623,53.892802238464355
1450,0.56200725,0.29760623,70.47353029251099
1451,0.56200725,0.29760623,166.6494014263153
1452,0.56200725,0.29760623,59.91245770454407
1453,0.56200725,0.29760623,88.75708031654358
1454,0.56200725,0.29760623,100.08458805084229
1455,0.56200725,0.29760623,165.57007312774658
1456,0.56200725,0.29760623,136.2861442565918
1457,0.56200725,0.29760623,59.7860164642334
1458,0.56200725,0.29760623,106.93772602081299
1459,0.56200725,0.29760623,72.15778875350952
1460,0.56200725,0.29760623,78.11329364776611
1461,0.56200725,0.29760623,96.55211210250854
1462,0.56200725,0.29760623,106.0105414390564
1463,0.56200725,0.29760623,161.97434949874878
1464,0.56200725,0.29760623,68.18372368812561
1465,0.56200725,0.29760623,64.5506157875061
1466,0.56200725,0.29760623,82.12574100494385
1467,0.56200725,0.29760623,167.43478441238403
1468,0.56200725,0.29760623,143.00376749038696
1469,0.56200725,0.29760623,74.84099984169006
1470,0.56200725,0.29760623,107.76587700843811
1471,0.56200725,0.29760623,63.13144659996033
1472,0.56200725,0.29760623,91.35033631324768
1473,0.56200725,0.29760623,87.26118087768555
1474,0.56200725,0.29760623,127.40238642692566
1475,0.56200725,0.29760623,76.0248019695282
1476,0.56200725,0.29760623,52.276825189590454
1477,0.56200725,0.29760623,84.51087307929993
1478,0.56200725,0.29760623,55.16016721725464
1479,0.56200725,0.29760623,90.943767786026
1480,0.56200725,0.29760623,71.92498850822449
1481,0.56200725,0.29760623,133.1470663547516
1482,0.56200725,0.29760623,110.30930662155151
1483,0.56200725,0.29760623,144.2157645225525
1484,0.56200725,0.29760623,71.41836881637573
1485,0.56200725,0.29760623,74.55228281021118
1486,0.56200725,0.29760623,151.719660282135
1487,0.56200725,0.29760623,81.40180683135986
1488,0.56200725,0.29760623,144.46305584907532
1489,0.56200725,0.29760623,64.21297645568848
1490,0.56200725,0.29760623,83.64167785644531
1491,0.56200725,0.29760623,157.0089430809021
1492,0.56200725,0.29760623,112.75956797599792
1493,0.56200725,0.29760623,77.79081010818481
1494,0.56200725,0.29760623,95.8910903930664
1495,0.56200725,0.29760623,163.67744994163513
1496,0.56200725,0.29760623,68.8469648361206
1497,0.56200725,0.29760623,111.65422987937927
1498,0.56200725,0.29760623,144.2787618637085
1499,0.56200725,0.29760623,103.15100741386414
1500,0.56200725,0.29760623,144.5624499320984
1501,0.56200725,0.29760623,78.18461155891418
1502,0.56200725,0.29760623,151.11357235908508
1503,0.56200725,0.29760623,53.55594801902771
1504,0.56200725,0.29760623,106.0416374206543
1505,0.56200725,0.29760623,142.997074842453
1506,0.56200725,0.29760623,82.65417122840881
1507,0.56200725,0.29760623,121.59230613708496
1508,0.56200725,0.29760623,66.13417720794678
1509,0.56200725,0.29760623,49.35558724403381
1510,0.56200725,0.29760623,61.48717379570007
1511,0.56200725,0.29760623,116.32464981079102
1512,0.56200725,0.29760623,96.39184594154358
1513,0.56200725,0.29760623,73.61765241622925
1514,0.56200725,0.29760623,108.75133728981018
1515,0.56200725,0.29760623,96.41403102874756
1516,0.56200725,0.29760623,83.52866792678833
1517,0.56200725,0.29760623,163.44061541557312
1518,0.56200725,0.29760623,60.687256813049316
1519,0.56200725,0.29760623,90.19933247566223
1520,0.56200725,0.29760623,68.02381730079651
1521,0.56200725,0.29760623,168.00205206871033
1522,0.56200725,0.29760623,158.1730351448059
1523,0.56200725,0.29760623,69.15658974647522
1524,0.56200725,0.29760623,106.36990737915039
1525,0.56200725,0.29760623,87.8434648513794
1526,0.56200725,0.29760623,112.20360565185547
1527,0.56200725,0.29760623,123.07881021499634
1528,0.56200725,0.29760623,95.2092125415802
1529,0.56200725,0.29760623,75.19391012191772
1530,0.56200725,0.29760623,139.69790387153625
1531,0.56200725,0.29760623,141.09881043434143
1532,0.56200725,0.29760623,88.98568940162659
1533,0.56200725,0.29760623,146.5640161037445
1534,0.56200725,0.29760623,102.37530398368835
1535,0.56200725,0.29760623,142.87830996513367
1536,0.56200725,0.29760623,88.89718747138977
1537,0.56200725,0.29760623,91.51290202140808
1538,0.56200725,0.29760623,83.9022262096405
1539,0.56200725,0.29760623,84.92522311210632
1540,0.56200725,0.29760623,156.9585485458374
1541,0.56200725,0.29760623,96.14064121246338
1542,0.56200725,0.29760623,73.03336358070374
1543,0.56200725,0.29760623,65.99201536178589
1544,0.56200725,0.29760623,148.8381278514862
1545,0.56200725,0.29760623,87.51258087158203
1546,0.56200725,0.29760623,101.44870495796204
1547,0.56200725,0.29760623,112.25204730033875
1548,0.56200725,0.29760623,62.192503213882446
1549,0.56200725,0.29760623,68.1016685962677
1550,0.56200725,0.29760623,120.32700490951538
1551,0.56200725,0.29760623,157.6499729156494
1552,0.56200725,0.29760623,123.68345022201538
1553,0.56200725,0.29760623,77.42222309112549
1554,0.56200725,0.29760623,68.80463218688965
1555,0.56200725,0.29760623,87.10926628112793
1556,0.56200725,0.29760623,65.74356460571289
1557,0.56200725,0.29760623,80.54447674751282
1558,0.56200725,0.29760623,114.01847505569458
1559,0.56200725,0.29760623,102.45383501052856
1560,0.56200725,0.29760623,57.809159994125366
1561,0.56200725,0.29760623,67.63113641738892
1562,0.56200725,0.29760623,158.74560737609863
1563,0.56200725,0.29760623,140.10726833343506
1564,0.56200725,0.29760623,60.87244987487793
1565,0.56200725,0.29760623,153.32770037651062
1566,0.56200725,0.29760623,82.6532940864563
1567,0.56200725,0.29760623,161.48190832138062
1568,0.56200725,0.29760623,88.3566026687622
1569,0.56200725,0.29760623,57.840511322021484
1570,0.56200725,0.29760623,62.31356859207153
1571,0.56200725,0.29760623,95.82249879837036
1572,0.56200725,0.29760623,116.08156132698059
1573,0.56200725,0.29760623,109.33723139762878
1574,0.56200725,0.29760623,129.06385111808777
1575,0.56200725,0.29760623,92.56806349754333
1576,0.56200725,0.29760623,66.31883478164673
1577,0.56200725,0.29760623,76.54705858230591
1578,0.56200725,0.29760623,96.7508282661438
1579,0.56200725,0.29760623,69.54400157928467
1580,0.56200725,0.29760623,110.7763180732727
1581,0.56200725,0.29760623,79.75412344932556
1582,0.56200725,0.29760623,60.652921199798584
1583,0.56200725,0.29760623,128.14247059822083
1584,0.56200725,0.29760623,92.47480988502502
1585,0.56200725,0.29760623,72.23378300666809
1586,0.56200725,0.29760623,87.76726937294006
1587,0.56200725,0.29760623,96.37614631652832
1588,0.56200725,0.29760623,74.49939227104187
1589,0.56200725,0.29760623,74.38102626800537
1590,0.56200725,0.29760623,121.03932571411133
1591,0.56200725,0.29760623,159.80438709259033
1592,0.56200725,0.29760623,84.07047891616821
1593,0.56200725,0.29760623,113.32538628578186
1594,0.56200725,0.29760623,92.71707463264465
1595,0.56200725,0.29760623,67.51477980613708
1596,0.56200725,0.29760623,82.45917677879333
1597,0.56200725,0.29760623,87.8088755607605
1598,0.56200725,0.29760623,143.66345238685608
1599,0.56200725,0.29760623,99.789710521698
1600,0.56200725,0.29760623,152.94217681884766
1601,0.56200725,0.29760623,85.37572169303894
1602,0.56200725,0.29760623,107.54050040245056
1603,0.56200725,0.29760623,85.33470368385315
1604,0.56200725,0.29760623,101.22538352012634
1605,0.56200725,0.29760623,87.90445899963379
1606,0.56200725,0.29760623,84.52529692649841
1607,0.56200725,0.29760623,163.96160173416138
1608,0.56200725,0.29760623,74.06466865539551
1609,0.56200725,0.29760623,123.93993139266968
1610,0.56200725,0.29760623,73.21769738197327
1611,0.56200725,0.29760623,153.99317598342896
1612,0.56200725,0.29760623,165.68987345695496
1613,0.56200725,0.29760623,185.499737739563
1614,0.56200725,0.29760623,170.17603945732117
1615,0.56200725,0.29760623,69.53898024559021
1616,0.56200725,0.29760623,86.44233822822571
1617,0.56200725,0.29760623,82.4290018081665
1618,0.56200725,0.29760623,104.31553387641907
1619,0.56200725,0.29760623,63.106250524520874
1620,0.56200725,0.29760623,77.81452083587646
1621,0.56200725,0.29760623,90.70319032669067
1622,0.56200725,0.29760623,88.01843285560608
1623,0.56200725,0.29760623,89.43481349945068
1624,0.56200725,0.29760623,151.50362277030945
1625,0.56200725,0.29760623,111.09308791160583
1626,0.56200725,0.29760623,75.56264638900757
1627,0.56200725,0.29760623,161.5028247833252
1628,0.56200725,0.29760623,97.27197003364563
1629,0.56200725,0.29760623,84.34278607368469
1630,0.56200725,0.29760623,135.9846794605255
1631,0.56200725,0.29760623,122.59638977050781
1632,0.56200725,0.29760623,102.00169539451599
1633,0.56200725,0.29760623,71.46401834487915
1634,0.56200725,0.29760623,90.47745108604431
1635,0.56200725,0.29760623,159.02775764465332
1636,0.56200725,0.29760623,65.06375765800476
1637,0.56200725,0.29760623,105.18127155303955
1638,0.56200725,0.29760623,159.82471537590027
1639,0.56200725,0.29760623,153.67686343193054
1640,0.56200725,0.29760623,109.37924432754517
1641,0.56200725,0.29760623,123.69346857070923
1642,0.56200725,0.29760623,58.85090970993042
1643,0.56200725,0.29760623,90.35791254043579
1644,0.56200725,0.29760623,77.95965838432312
1645,0.56200725,0.29760623,77.89435124397278
1646,0.56200725,0.29760623,140.13595008850098
1647,0.56200725,0.29760623,56.884387493133545
1648,0.56200725,0.29760623,99.16951060295105
1649,0.56200725,0.29760623,52.546385288238525
1650,0.56200725,0.29760623,127.12186789512634
1651,0.56200725,0.29760623,147.03468418121338
1652,0.56200725,0.29760623,106.7233738899231
1653,0.56200725,0.29760623,115.70527935028076
1654,0.56200725,0.29760623,103.42411828041077
1655,0.56200725,0.29760623,109.29485201835632
1656,0.56200725,0.29760623,68.67355179786682
1657,0.56200725,0.29760623,84.36074352264404
1658,0.56200725,0.29760623,66.97426056861877
1659,0.56200725,0.29760623,166.36502361297607
1660,0.56200725,0.29760623,156.76892590522766
1661,0.56200725,0.29760623,66.00799870491028
1662,0.56200725,0.29760623,83.84546399116516
1663,0.56200725,0.29760623,162.2307288646698
1664,0.56200725,0.29760623,73.11766052246094
1665,0.56200725,0.29760623,89.79710388183594
1666,0.56200725,0.29760623,80.0183641910553
1667,0.56200725,0.29760623,86.99276185035706
1668,0.56200725,0.29760623,77.30158233642578
1669,0.56200725,0.29760623,166.12200236320496
1670,0.56200725,0.29760623,59.705217361450195
1671,0.56200725,0.29760623,156.9181079864502
1672,0.56200725,0.29760623,74.11816787719727
1673,0.56200725,0.29760623,96.93735814094543
1674,0.56200725,0.29760623,135.64107465744019
1675,0.56200725,0.29760623,160.40203094482422
1676,0.56200725,0.29760623,68.15136647224426
1677,0.56200725,0.29760623,157.22306752204895
1678,0.56200725,0.29760623,84.35060572624207
1679,0.56200725,0.29760623,127.47145938873291
1680,0.56200725,0.29760623,81.25382232666016
1681,0.56200725,0.29760623,153.9956829547882
1682,0.56200725,0.29760623,124.48282027244568
1683,0.56200725,0.29760623,71.2515721321106
1684,0.56200725,0.29760623,88.25644826889038
1685,0.56200725,0.29760623,104.3016254901886
1686,0.56200725,0.29760623,75.58030915260315
1687,0.56200725,0.29760623,83.42152214050293
1688,0.56200725,0.29760623,101.28220176696777
1689,0.56200725,0.29760623,114.9145450592041
1690,0.56200725,0.29760623,92.86294794082642
1691,0.56200725,0.29760623,120.82175660133362
1692,0.56200725,0.29760623,160.9724760055542
1693,0.56200725,0.29760623,78.72945523262024
1694,0.56200725,0.29760623,86.42070603370667
1695,0.56200725,0.29760623,89.31860876083374
1696,0.56200725,0.29760623,166.03186750411987
1697,0.56200725,0.29760623,116.907386302948
1698,0.56200725,0.29760623,61.57241439819336
1699,0.56200725,0.29760623,117.5147430896759
1700,0.56200725,0.29760623,149.22447085380554
1701,0.56200725,0.29760623,76.43868374824524
1702,0.56200725,0.29760623,102.09249091148376
1703,0.56200725,0.29760623,165.2529640197754
1704,0.56200725,0.29760623,85.70708227157593
1705,0.56200725,0.29760623,79.14681696891785
1706,0.56200725,0.29760623,165.89187502861023
1707,0.56200725,0.29760623,131.14718413352966
1708,0.56200725,0.29760623,160.8203682899475
1709,0.56200725,0.29760623,80.50567650794983
1710,0.56200725,0.29760623,93.05669069290161
1711,0.56200725,0.29760623,147.79237842559814
1712,0.56200725,0.29760623,107.63757491111755
1713,0.56200725,0.29760623,81.16003251075745
1714,0.56200725,0.29760623,72.01910829544067
1715,0.56200725,0.29760623,102.1888120174408
1716,0.56200725,0.29760623,154.1617786884308
1717,0.56200725,0.29760623,62.01261830329895
1718,0.56200725,0.29760623,86.98050880432129
1719,0.56200725,0.29760623,107.82189583778381
1720,0.56200725,0.29760623,126.43734836578369
1721,0.56200725,0.29760623,163.3344533443451
1722,0.56200725,0.29760623,78.14276170730591
1723,0.56200725,0.29760623,84.76217293739319
1724,0.56200725,0.29760623,100.68242692947388
1725,0.56200725,0.29760623,159.96295619010925
1726,0.56200725,0.29760623,53.45191478729248
1727,0.56200725,0.29760623,75.78397226333618
1728,0.56200725,0.29760623,155.59618067741394
1729,0.56200725,0.29760623,100.54387950897217
1730,0.56200725,0.29760623,76.9039888381958
1731,0.56200725,0.29760623,73.12121939659119
1732,0.56200725,0.29760623,109.80582070350647
1733,0.56200725,0.29760623,84.11572623252869
1734,0.56200725,0.29760623,86.9038999080658
1735,0.56200725,0.29760623,78.59526705741882
1736,0.56200725,0.29760623,78.51436996459961
1737,0.56200725,0.29760623,104.7606303691864
1738,0.56200725,0.29760623,60.06391191482544
1739,0.56200725,0.29760623,79.7506799697876
1740,0.56200725,0.29760623,124.52356791496277
1741,0.56200725,0.29760623,161.94888281822205
1742,0.56200725,0.29760623,134.23611187934875
1743,0.56200725,0.29760623,95.00264048576355
1744,0.56200725,0.29760623,154.1665849685669
1745,0.56200725,0.29760623,131.45282459259033
1746,0.56200725,0.29760623,79.04716753959656
1747,0.56200725,0.29760623,105.37170147895813
1748,0.56200725,0.29760623,74.95388555526733
1749,0.56200725,0.29760623,96.73515844345093
1750,0.56200725,0.29760623,69.38755297660828
1751,0.56200725,0.29760623,74.94906806945801
1752,0.56200725,0.29760623,156.9461600780487
1753,0.56200725,0.29760623,88.2331817150116
1754,0.56200725,0.29760623,137.45173454284668
1755,0.56200725,0.29760623,117.21300506591797
1756,0.56200725,0.29760623,165.22321105003357
1757,0.56200725,0.29760623,78.30759716033936
1758,0.56200725,0.29760623,115.29833745956421
1759,0.56200725,0.29760623,168.46988582611084
1760,0.56200725,0.29760623,114.6629867553711
1761,0.56200725,0.29760623,79.75384402275085
1762,0.56200725,0.29760623,84.41687512397766
1763,0.56200725,0.29760623,157.80811285972595
1764,0.56200725,0.29760623,74.08781170845032
1765,0.56200725,0.29760623,136.17868065834045
1766,0.56200725,0.29760623,78.93939352035522
1767,0.56200725,0.29760623,142.20681357383728
1768,0.56200725,0.29760623,92.32183980941772
1769,0.56200725,0.29760623,72.6079671382904
1770,0.56200725,0.29760623,87.88974452018738
1771,0.56200725,0.29760623,102.30450534820557
1772,0.56200725,0.29760623,65.97445368766785
1773,0.56200725,0.29760623,92.21437048912048
1774,0.56200725,0.29760623,74.64535665512085
1775,0.56200725,0.29760623,133.60467672348022
1776,0.56200725,0.29760623,90.0289785861969
1777,0.56200725,0.29760623,72.6409285068512
1778,0.56200725,0.29760623,64.7162778377533
1779,0.56200725,0.29760623,150.97856640815735
1780,0.56200725,0.29760623,147.13392162322998
1781,0.56200725,0.29760623,105.05412578582764
1782,0.56200725,0.29760623,161.07370114326477
1783,0.56200725,0.29760623,75.63922476768494
1784,0.56200725,0.29760623,98.90594673156738
1785,0.56200725,0.29760623,162.50729417800903
1786,0.56200725,0.29760623,74.30943202972412
1787,0.56200725,0.29760623,131.86668300628662
1788,0.56200725,0.29760623,93.80722689628601
1789,0.56200725,0.29760623,72.67366361618042
1790,0.56200725,0.29760623,72.68006610870361
1791,0.56200725,0.29760623,159.97648167610168
1792,0.56200725,0.29760623,79.36845350265503
1793,0.56200725,0.29760623,110.9778299331665
1794,0.56200725,0.29760623,106.22503113746643
1795,0.56200725,0.29760623,159.6303849220276
1796,0.56200725,0.29760623,137.87779211997986
1797,0.56200725,0.29760623,89.18991494178772
1798,0.56200725,0.29760623,155.53646636009216
1799,0.56200725,0.29760623,73.31716322898865
1800,0.56200725,0.29760623,136.87106609344482
1801,0.56200725,0.29760623,74.39136147499084
1802,0.56200725,0.29760623,58.43525314331055
1803,0.56200725,0.29760623,87.4406385421753
1804,0.56200725,0.29760623,109.55079436302185
1805,0.56200725,0.29760623,131.8325388431549
1806,0.56200725,0.29760623,176.68106508255005
1807,0.56200725,0.29760623,75.71298813819885
1808,0.56200725,0.29760623,99.37441277503967
1809,0.56200725,0.29760623,113.62643265724182
1810,0.56200725,0.29760623,117.05693459510803
1811,0.56200725,0.29760623,67.80679535865784
1812,0.56200725,0.29760623,96.54229140281677
1813,0.56200725,0.29760623,156.19971132278442
1814,0.56200725,0.29760623,91.71474051475525
1815,0.56200725,0.29760623,66.46271061897278
1816,0.56200725,0.29760623,91.44425392150879
1817,0.56200725,0.29760623,66.33124661445618
1818,0.56200725,0.29760623,92.78762340545654
1819,0.56200725,0.29760623,75.07324361801147
1820,0.56200725,0.29760623,155.6186969280243
1821,0.56200725,0.29760623,160.2797679901123
1822,0.56200725,0.29760623,153.27536487579346
1823,0.56200725,0.29760623,139.13729572296143
1824,0.56200725,0.29760623,73.90041446685791
1825,0.56200725,0.29760623,167.01070022583008
1826,0.56200725,0.29760623,87.10354232788086
1827,0.56200725,0.29760623,90.93766593933105
1828,0.56200725,0.29760623,80.50449442863464
1829,0.56200725,0.29760623,157.09344720840454
1830,0.56200725,0.29760623,75.5524480342865
1831,0.56200725,0.29760623,109.54049301147461
1832,0.56200725,0.29760623,152.9055302143097
1833,0.56200725,0.29760623,76.03080677986145
1834,0.56200725,0.29760623,81.34465837478638
1835,0.56200725,0.29760623,81.20317029953003
1836,0.56200725,0.29760623,91.09763264656067
1837,0.56200725,0.29760623,76.79049873352051
1838,0.56200725,0.29760623,164.43986749649048
1839,0.56200725,0.29760623,70.83828711509705
1840,0.56200725,0.29760623,168.45115280151367
1841,0.56200725,0.29760623,112.20575213432312
1842,0.56200725,0.29760623,119.48198008537292
1843,0.56200725,0.29760623,138.2882730960846
1844,0.56200725,0.29760623,154.5172939300537
1845,0.56200725,0.29760623,175.51612067222595
1846,0.56200725,0.29760623,71.75416088104248
1847,0.56200725,0.29760623,85.16131901741028
1848,0.56200725,0.29760623,80.05690908432007
1849,0.56200725,0.29760623,75.07754039764404
1850,0.56200725,0.29760623,85.38013935089111
1851,0.56200725,0.29760623,74.60133028030396
1852,0.56200725,0.29760623,155.42109870910645
1853,0.56200725,0.29760623,66.79829931259155
1854,0.56200725,0.29760623,156.3406901359558
1855,0.56200725,0.29760623,135.89678692817688
1856,0.56200725,0.29760623,78.23372912406921
1857,0.56200725,0.29760623,99.62000870704651
1858,0.56200725,0.29760623,51.691736698150635
1859,0.56200725,0.29760623,87.08281517028809
1860,0.56200725,0.29760623,79.70319604873657
1861,0.56200725,0.29760623,105.25166702270508
1862,0.56200725,0.29760623,119.2516028881073
1863,0.56200725,0.29760623,92.8243350982666
1864,0.56200725,0.29760623,150.64311289787292
1865,0.56200725,0.29760623,68.20283842086792
1866,0.56200725,0.29760623,87.22091794013977
1867,0.56200725,0.29760623,68.92855286598206
1868,0.56200725,0.29760623,165.73797631263733
1869,0.56200725,0.29760623,81.21809267997742
1870,0.56200725,0.29760623,89.11801838874817
1871,0.56200725,0.29760623,92.78697967529297
1872,0.56200725,0.29760623,90.72733569145203
1873,0.56200725,0.29760623,66.63173031806946
1874,0.56200725,0.29760623,164.82421612739563
1875,0.56200725,0.29760623,52.19650626182556
1876,0.56200725,0.29760623,111.26335406303406
1877,0.56200725,0.29760623,106.07128024101257
1878,0.56200725,0.29760623,84.0723090171814
1879,0.56200725,0.29760623,63.7146852016449
1880,0.56200725,0.29760623,88.91012001037598
1881,0.56200725,0.29760623,101.12236213684082
1882,0.56200725,0.29760623,159.8158838748932
1883,0.56200725,0.29760623,97.16818928718567
1884,0.56200725,0.29760623,161.72126030921936
1885,0.56200725,0.29760623,79.57969784736633
1886,0.56200725,0.29760623,70.34633016586304
1887,0.56200725,0.29760623,80.29615569114685
1888,0.56200725,0.29760623,67.03554606437683
1889,0.56200725,0.29760623,84.6468939781189
1890,0.56200725,0.29760623,91.26569986343384
1891,0.56200725,0.29760623,77.81982731819153
1892,0.56200725,0.29760623,140.06244230270386
1893,0.56200725,0.29760623,98.74607634544373
1894,0.56200725,0.29760623,67.31299114227295
1895,0.56200725,0.29760623,84.666574716568
1896,0.56200725,0.29760623,161.02976489067078
1897,0.56200725,0.29760623,79.09246015548706
1898,0.56200725,0.29760623,75.83431673049927
1899,0.56200725,0.29760623,86.20315766334534
1900,0.56200725,0.29760623,69.78887605667114
1901,0.56200725,0.29760623,117.66954851150513
1902,0.56200725,0.29760623,69.78629755973816
1903,0.56200725,0.29760623,67.55079793930054
1904,0.56200725,0.29760623,73.80783820152283
1905,0.56200725,0.29760623,79.04069352149963
1906,0.56200725,0.29760623,55.56954789161682
1907,0.56200725,0.29760623,78.50601506233215
1908,0.56200725,0.29760623,161.48140716552734
1909,0.56200725,0.29760623,95.93189883232117
1910,0.56200725,0.29760623,88.30601215362549
1911,0.56200725,0.29760623,77.49195528030396
1912,0.56200725,0.29760623,143.45199751853943
1913,0.56200725,0.29760623,79.11865830421448
1914,0.56200725,0.29760623,96.69151782989502
1915,0.56200725,0.29760623,90.2759096622467
1916,0.56200725,0.29760623,127.0410087108612
1917,0.56200725,0.29760623,69.14123773574829
1918,0.56200725,0.29760623,103.12385749816895
1919,0.56200725,0.29760623,103.18724656105042
1920,0.56200725,0.29760623,54.07644510269165
1921,0.56200725,0.29760623,72.35869431495667
1922,0.56200725,0.29760623,77.4588713645935
1923,0.56200725,0.29760623,75.00758075714111
1924,0.56200725,0.29760623,103.02986645698547
1925,0.56200725,0.29760623,54.97226858139038
1926,0.56200725,0.29760623,75.63227319717407
1927,0.56200725,0.29760623,91.44244050979614
1928,0.56200725,0.29760623,159.05286121368408
1929,0.56200725,0.29760623,132.123144865036
1930,0.56200725,0.29760623,80.09107255935669
1931,0.56200725,0.29760623,167.05049967765808
1932,0.56200725,0.29760623,53.26489186286926
1933,0.56200725,0.29760623,152.45003700256348
1934,0.56200725,0.29760623,118.6671953201294
1935,0.56200725,0.29760623,163.42195749282837
1936,0.56200725,0.29760623,65.18482708930969
1937,0.56200725,0.29760623,77.60265970230103
1938,0.56200725,0.29760623,72.62962794303894
1939,0.56200725,0.29760623,84.88854265213013
1940,0.56200725,0.29760623,64.00553131103516
